000000001010
000000001111
000001011111
000010101111
000011111111
010111111010
101011110101
111111110000
111110100000
111101010000
111100000000
101000000000
000000000000
000000000000
000000000000
000000000000
010000101010
010001001101
010001101111
001110001111
001010011101
000010111100
001111001010
011011000110
101111000011
111010110011
111111010011
111111110001
000000000000
000000000000
000000000000
000000000000
111100000000
111110000000
111111110000
100011110000
000011110000
000011111000
000011111111
000010001111
000000001111
100000001111
111100001111
111100001000
000000000000
000000000000
000000000000
000000000000
010000000000
100000000000
101100000000
111100000000
111101000000
111110000000
111110110000
111111110000
111111110100
111111111000
111111111011
111111111111
000000000000
000000000000
000000000000
000000000000
000011111111
000111101111
001111001111
010010111111
010110101111
011110001111
100001111111
101001011111
101101001111
110000111111
111000011111
111100001111
000000000000
000000000000
000000000000
000000000000
111100001111
111100011110
111100111100
111101001011
111101011010
111101111000
111110000111
111110100101
111110110100
111111000011
111111100001
111111110000
000000000000
000000000000
000000000000
000000000000
000010000110
000110000110
001110010110
010010100110
010110100110
011110110110
100011000110
101011000110
101111010110
110011100110
111011100110
111111110110
000000000000
000000000000
000000000000
000000000000
111100000000
111100010000
111100110000
111101000000
111101010000
111101110000
111110000000
111110100000
111110110000
111111000000
111111100000
111111110000
000000000000
000000000000
000000000000
000000000000
000000001111
000000011110
000000111110
000001001101
000001011100
000001111100
000010001011
000010101010
000010111010
000011001001
000011101000
000011111000
000000000000
000000000000
000000000000
000000000000
000100010001
001100110011
010001000100
010101010101
011001100110
100010001000
100110011001
101010101010
101110111011
110111011101
111011101110
111111111111
000000000000
000000000000
000000000000
000000000000
000000000000
000100010010
001000100100
010001000101
010101010111
011001111000
011110011001
100010101010
101010111011
110011011101
110111101110
111111111111
000000000000
000000000000
000000000000
000000000000
001000010001
001100100001
010100110010
011001000010
100001010011
100101100100
101101110100
110010000101
111010010110
111110100110
111110110111
111111000111
000000000000
000000000000
000000000000
000000000000
010000000000
011101000100
100101010101
101101100110
101110010111
110010101000
110111001001
110111011010
111011101011
111011101101
111111111110
111111111111
000000000000
000000000000
000000000000
000000000000
010011100000
010011100000
010011100000
010011100000
010011100000
010011100000
010011100000
010011100000
010011100000
010011100000
010011100000
010011100000
010011100000
010011100000
010011100000
010011100000
111110000001
111110000001
111110000001
111110000001
111110000001
111110000001
111110000001
111110000001
111110000001
111110000001
111110000001
111110000001
111110000001
111110000001
111110000001
111110000001
001011101111
001011101111
001011101111
001011101111
001011101111
001011101111
001011101111
001011101111
001011101111
001011101111
001011101111
001011101111
001011101111
001011101111
001011101111
001011101111
