1111111111100010
1111111110100111
1111111110101111
0000000001111000
0000000110111111
0000001000111001
0000000011111011
1111111100101001
1111111100000100
0000000011001000
0000000111000111
0000000000001011
1111110111010110
1111111011011100
0000001000111100
0000001010101000
1111111001101101
1111101110011110
1111111111011110
0000011000011110
0000001110000001
1111100001100110
1111010101110111
0000100010011010
0010011110101111
0011011100001100
0010011110101111
0000100010011010
1111010101110111
1111100001100110
0000001110000001
0000011000011110
1111111111011110
1111101110011110
1111111001101101
0000001010101000
0000001000111100
1111111011011100
1111110111010110
0000000000001011
0000000111000111
0000000011001000
1111111100000100
1111111100101001
0000000011111011
0000001000111001
0000000110111111
0000000001111000
1111111110101111
1111111110100111
1111111111100010
0000000000000000
0000000000000000
0000000000000000
0000000000000000
0000000000000000
0000000000000000
0000000000000000
0000000000000000
0000000000000000
0000000000000000
0000000000000000
0000000000000000
0000000000000000
