0000000000000001000000000010010111111101001100100000101000100000
0000000000000001000000000010011000001101000001011100011000010011
0000000000000001000000000010011111110110110100010011010011011101
0000000000000001000000000010100000000000110100101111100101011000
0000000000000010000000000010011100000000010110000000011101011100
0000000000000010000000000010100011110010001110101100110110111100
0000000000000010000000000010100100011101011000010011011101001101
0000000000000010000000000010101011110101101011001111001111110111
0000000000000011000000000010100100000001001000100000000010101000
0000000000000011000000000010101011100000101110101111101111100001
0000000000000011000000000010101101000010001001101110111001001000
0000000000000011000000000010110011011111100011010001100011100101
0000000000000011000000000010110100000001111001011111110010111000
0000000000000100000000000010110011110001100101000000101110001000
0000000000000100000000000010110100010101010011101100011011001001
0000000000000100000000000010111000001010101111000011100111010111
0000000000000100000000000010111111110101011000011111001111111010
0000000000000101000000000010111000000001111000110000001101111111
0000000000000101000000000010111111011110100110001111001001001110
0000000000000101000000000011000001000001010100101110101111101100
0000000000000101000000000011000111100110001011110010011011110011
0000000000000101000000000011001011111111000111001111011101001011
0000000000000110000000000011000100000001000010010000011001000111
0000000000000110000000000011001011011110111001101110101010100100
0000000000000110000000000011001101000010000110111110111001001111
0000000000000110000000000011010011101001110001110010101100111100
0000000000000110000000000011010111111011111101011111010101000000
0000000000000111000000000011010011111001000110100000101110101100
0000000000000111000000000011010111101011101011011101001011101000
0000000000000111000000000011011001000011010110110000110011110110
0000000000000111000000000011011111100001001001100001110110111110
0000000000000111000000000011100011111110100101011111011011011001
0000000000001000000000000011011111111001101110110000101110000101
0000000000001000000000000011100011100110010101001101100011101111
0000000000001000000000000011100101000100011100101111100111001001
0000000000001000000000000011101011101100100101000010110111100101
0000000000001000000000000011101111110110010011101111010000000000
0000000000001001000000000011101000000001011101110000010101010110
0000000000001001000000000011101111100001001110111111110011101010
0000000000001001000000000011110000011100000110011100100001101110
0000000000001001000000000011110100101011100010010011000000110110
0000000000001001000000000011111011011110101110100000110011000100
0000000000001001000000000011111100000000000001001111100000111110
0000000000001010000000000011110100000001001011100000000010110100
0000000000001010000000000011111011110011111001100000101111100100
0000000000001010000000000011111111101000010011101101011010000001
0000000000001010000000000100000001000010000010001110111001011011
0000000000001010000000000100000100000000001100010011100000101100
0000000000001010000000000100001011100111111001101111100110111100
0000000000001010000000000100001100000001111001011111110010100001
0000000000001011000000000100000111111111101011000000100000100011
0000000000001011000000000100001011100000000000011111100110000110
0000000000001011000000000100001100010101011011111100011011110001
0000000000001011000000000100010000111010011000010010000101010110
0000000000001011000000000100010111100011110001000010001100001000
0000000000001011000000000100011011110101001110001111010000000110
0000000000001011000000000100011100000001010001001111111100101111
0000000000001100000000000100010111111100010101010000101010001101
0000000000001100000000000100011011011110101011101111001000010011
0000000000001100000000000100011100011011011010001100100001001100
0000000000001100000000000100100000111010010111010010000101010000
0000000000001100000000000100100111100110011010100010011100001110
0000000000001100000000000100101011110000111000011111010010110110
0000000000001100000000000100101100000001110011111111110111011110
