0100000000000000
0011111111101100
0011111110110001
0011111101001111
0011111011000101
0011111000010101
0011110100111111
0011110001000010
0011101100100001
0011100111011011
0011100001110001
0011011011100101
0011010100110111
0011001101101000
0011000101111001
0010111101101100
0010110101000001
0010101011111011
0010100010011010
0010011000100000
0010001110001110
0010000011100111
0001111000101011
0001101101011101
0001100001111110
0001010110010000
0001001010010100
0000111110001101
0000110001111100
0000100101100100
0000011001000110
0000001100100100
0000000000000000
1111110011011100
1111100110111010
1111011010011100
1111001110000100
1111000001110011
1110110101101100
1110101001110000
1110011110000010
1110010010100011
1110000111010101
1101111100011001
1101110001110010
1101100111100000
1101011101100110
1101010100000101
1101001010111111
1101000010010100
1100111010000111
1100110010011000
1100101011001001
1100100100011011
1100011110001111
1100011000100101
1100010011011111
1100001110111110
1100001011000001
1100000111101011
1100000100111011
1100000010110001
1100000001001111
1100000000010100
1100000000000000
1100000000010100
1100000001001111
1100000010110001
1100000100111011
1100000111101011
1100001011000001
1100001110111110
1100010011011111
1100011000100101
1100011110001111
1100100100011011
1100101011001001
1100110010011000
1100111010000111
1101000010010100
1101001010111111
1101010100000101
1101011101100110
1101100111100000
1101110001110010
1101111100011001
1110000111010101
1110010010100011
1110011110000010
1110101001110000
1110110101101100
1111000001110011
1111001110000100
1111011010011100
1111100110111010
1111110011011100
0000000000000000
0000001100100100
0000011001000110
0000100101100100
0000110001111100
0000111110001101
0001001010010100
0001010110010000
0001100001111110
0001101101011101
0001111000101011
0010000011100111
0010001110001110
0010011000100000
0010100010011010
0010101011111011
0010110101000001
0010111101101100
0011000101111001
0011001101101000
0011010100110111
0011011011100101
0011100001110001
0011100111011011
0011101100100001
0011110001000010
0011110100111111
0011111000010101
0011111011000101
0011111101001111
0011111110110001
0011111111101100
