0100000000000000
0011111011000101
0011101100100001
0011010100110111
0010110101000001
0010001110001110
0001100001111110
0000110001111100
0000000000000000
1111001110000100
1110011110000010
1101110001110010
1101001010111111
1100101011001001
1100010011011111
1100000100111011
1100000000000000
1100000100111011
1100010011011111
1100101011001001
1101001010111111
1101110001110010
1110011110000010
1111001110000100
0000000000000000
0000110001111100
0001100001111110
0010001110001110
0010110101000001
0011010100110111
0011101100100001
0011111011000101
