0100000000000000
0011111110110001
0011111011000101
0011110100111111
0011101100100001
0011100001110001
0011010100110111
0011000101111001
0010110101000001
0010100010011010
0010001110001110
0001111000101011
0001100001111110
0001001010010100
0000110001111100
0000011001000110
0000000000000000
1111100110111010
1111001110000100
1110110101101100
1110011110000010
1110000111010101
1101110001110010
1101011101100110
1101001010111111
1100111010000111
1100101011001001
1100011110001111
1100010011011111
1100001011000001
1100000100111011
1100000001001111
1100000000000000
1100000001001111
1100000100111011
1100001011000001
1100010011011111
1100011110001111
1100101011001001
1100111010000111
1101001010111111
1101011101100110
1101110001110010
1110000111010101
1110011110000010
1110110101101100
1111001110000100
1111100110111010
0000000000000000
0000011001000110
0000110001111100
0001001010010100
0001100001111110
0001111000101011
0010001110001110
0010100010011010
0010110101000001
0011000101111001
0011010100110111
0011100001110001
0011101100100001
0011110100111111
0011111011000101
0011111110110001
