0001101000111010
0001101010110000
0001101100100111
0001101110011111
0001110000010111
0001110010010000
0001110100001001
0001110110000011
0001110111111110
0001111001111001
0001111011110100
0001111101110000
0001111111101100
0010000001101001
0010000011100111
0010000101100101
0010000111100011
0010001001100010
0010001011100010
0010001101100001
0010001111100010
0010010001100010
0010010011100100
0010010101100101
0010010111100111
0010011001101010
0010011011101100
0010011101110000
0010011111110011
0010100001110111
0010100011111100
0010100110000000
0010101000000101
0010101010001011
0010101100010001
0010101110010111
0010110000011101
0010110010100100
0010110100101011
0010110110110010
0010111000111010
0010111011000010
0010111101001010
0010111111010011
0011000001011100
0011000011100101
0011000101101110
0011000111110111
0011001010000001
0011001100001011
0011001110010101
0011010000011111
0011010010101010
0011010100110101
0011010110111111
0011011001001011
0011011011010110
0011011101100001
0011011111101100
0011100001111000
0011100100000100
0011100110010000
0011101000011100
0011101010101000
0011101100110100
0011101111000000
0011110001001100
0011110011011000
0011110101100101
0011110111110001
0011111001111101
0011111100001010
0011111110010110
0100000000100010
0100000010101111
0100000100111011
0100000111000111
0100001001010100
0100001011100000
0100001101101100
0100001111111000
0100010010000100
0100010100010000
0100010110011100
0100011000101000
0100011010110011
0100011100111111
0100011111001010
0100100001010101
0100100011100000
0100100101101011
0100100111110110
0100101010000000
0100101100001010
0100101110010100
0100110000011110
0100110010101000
0100110100110001
0100110110111011
0100111001000011
0100111011001100
0100111101010100
0100111111011101
0101000001100100
0101000011101100
0101000101110011
0101000111111010
0101001010000000
0101001100000110
0101001110001100
0101010000010010
0101010010010111
0101010100011011
0101010110100000
0101011000100100
0101011010100111
0101011100101010
0101011110101101
0101100000101111
0101100010110001
0101100100110010
0101100110110011
0101101000110011
0101101010110011
0101101100110011
0101101110110010
0101110000110000
0101110010101110
0101110100101011
0101110110101000
0101111000100100
0101111010100000
0101111100011011
0101111110010101
0110000000001111
0110000010001001
0110000100000001
0110000101111010
0110000111110001
0110001001101000
0110001011011110
0110001101010100
0110001111001001
0110010000111101
0110010010110001
0110010100100011
0110010110010110
0110011000000111
0110011001111000
0110011011101000
0110011101010111
0110011111000110
0110100000110100
0110100010100001
0110100100001101
0110100101111001
0110100111100100
0110101001001110
0110101010110111
0110101100011111
0110101110000111
0110101111101110
0110110001010100
0110110010111001
0110110100011101
0110110110000001
0110110111100100
0110111001000101
0110111010100110
0110111100000110
0110111101100101
0110111111000100
0111000000100001
0111000001111101
0111000011011001
0111000100110100
0111000110001101
0111000111100110
0111001000111110
0111001010010101
0111001011101011
0111001100111111
0111001110010011
0111001111100110
0111010000111000
0111010010001010
0111010011011010
0111010100101001
0111010101110111
0111010111000100
0111011000010000
0111011001011011
0111011010100101
0111011011101110
0111011100110110
0111011101111100
0111011111000010
0111100000000111
0111100001001011
0111100010001101
0111100011001111
0111100100001111
0111100101001111
0111100110001101
0111100111001010
0111101000000110
0111101001000001
0111101001111011
0111101010110100
0111101011101100
0111101100100010
0111101101011000
0111101110001100
0111101110111111
0111101111110001
0111110000100010
0111110001010010
0111110010000001
0111110010101110
0111110011011011
0111110100000110
0111110100110000
0111110101011001
0111110110000000
0111110110100111
0111110111001100
0111110111110000
0111111000010011
0111111000110101
0111111001010110
0111111001110101
0111111010010011
0111111010110000
0111111011001100
0111111011100111
0111111100000000
0111111100011001
0111111100110000
0111111101000110
0111111101011010
0111111101101110
0111111110000000
0111111110010001
0111111110100001
0111111110101111
0111111110111101
0111111111001001
0111111111010100
0111111111011110
0111111111100110
0111111111101110
0111111111110100
0111111111111001
0111111111111100
0111111111111111
1000000000000000
1000000000000000
0111111111111111
0111111111111100
0111111111111001
0111111111110100
0111111111101110
0111111111100110
0111111111011110
0111111111010100
0111111111001001
0111111110111101
0111111110101111
0111111110100001
0111111110010001
0111111110000000
0111111101101110
0111111101011010
0111111101000110
0111111100110000
0111111100011001
0111111100000000
0111111011100111
0111111011001100
0111111010110000
0111111010010011
0111111001110101
0111111001010110
0111111000110101
0111111000010011
0111110111110000
0111110111001100
0111110110100111
0111110110000000
0111110101011001
0111110100110000
0111110100000110
0111110011011011
0111110010101110
0111110010000001
0111110001010010
0111110000100010
0111101111110001
0111101110111111
0111101110001100
0111101101011000
0111101100100010
0111101011101100
0111101010110100
0111101001111011
0111101001000001
0111101000000110
0111100111001010
0111100110001101
0111100101001111
0111100100001111
0111100011001111
0111100010001101
0111100001001011
0111100000000111
0111011111000010
0111011101111100
0111011100110110
0111011011101110
0111011010100101
0111011001011011
0111011000010000
0111010111000100
0111010101110111
0111010100101001
0111010011011010
0111010010001010
0111010000111000
0111001111100110
0111001110010011
0111001100111111
0111001011101011
0111001010010101
0111001000111110
0111000111100110
0111000110001101
0111000100110100
0111000011011001
0111000001111101
0111000000100001
0110111111000100
0110111101100101
0110111100000110
0110111010100110
0110111001000101
0110110111100100
0110110110000001
0110110100011101
0110110010111001
0110110001010100
0110101111101110
0110101110000111
0110101100011111
0110101010110111
0110101001001110
0110100111100100
0110100101111001
0110100100001101
0110100010100001
0110100000110100
0110011111000110
0110011101010111
0110011011101000
0110011001111000
0110011000000111
0110010110010110
0110010100100011
0110010010110001
0110010000111101
0110001111001001
0110001101010100
0110001011011110
0110001001101000
0110000111110001
0110000101111010
0110000100000001
0110000010001001
0110000000001111
0101111110010101
0101111100011011
0101111010100000
0101111000100100
0101110110101000
0101110100101011
0101110010101110
0101110000110000
0101101110110010
0101101100110011
0101101010110011
0101101000110011
0101100110110011
0101100100110010
0101100010110001
0101100000101111
0101011110101101
0101011100101010
0101011010100111
0101011000100100
0101010110100000
0101010100011011
0101010010010111
0101010000010010
0101001110001100
0101001100000110
0101001010000000
0101000111111010
0101000101110011
0101000011101100
0101000001100100
0100111111011101
0100111101010100
0100111011001100
0100111001000011
0100110110111011
0100110100110001
0100110010101000
0100110000011110
0100101110010100
0100101100001010
0100101010000000
0100100111110110
0100100101101011
0100100011100000
0100100001010101
0100011111001010
0100011100111111
0100011010110011
0100011000101000
0100010110011100
0100010100010000
0100010010000100
0100001111111000
0100001101101100
0100001011100000
0100001001010100
0100000111000111
0100000100111011
0100000010101111
0100000000100010
0011111110010110
0011111100001010
0011111001111101
0011110111110001
0011110101100101
0011110011011000
0011110001001100
0011101111000000
0011101100110100
0011101010101000
0011101000011100
0011100110010000
0011100100000100
0011100001111000
0011011111101100
0011011101100001
0011011011010110
0011011001001011
0011010110111111
0011010100110101
0011010010101010
0011010000011111
0011001110010101
0011001100001011
0011001010000001
0011000111110111
0011000101101110
0011000011100101
0011000001011100
0010111111010011
0010111101001010
0010111011000010
0010111000111010
0010110110110010
0010110100101011
0010110010100100
0010110000011101
0010101110010111
0010101100010001
0010101010001011
0010101000000101
0010100110000000
0010100011111100
0010100001110111
0010011111110011
0010011101110000
0010011011101100
0010011001101010
0010010111100111
0010010101100101
0010010011100100
0010010001100010
0010001111100010
0010001101100001
0010001011100010
0010001001100010
0010000111100011
0010000101100101
0010000011100111
0010000001101001
0001111111101100
0001111101110000
0001111011110100
0001111001111001
0001110111111110
0001110110000011
0001110100001001
0001110010010000
0001110000010111
0001101110011111
0001101100100111
0001101010110000
0001101000111010
