0001101000111010
0001101001001000
0001101001010111
0001101001100110
0001101001110101
0001101010000100
0001101010010010
0001101010100001
0001101010110000
0001101010111111
0001101011001110
0001101011011101
0001101011101011
0001101011111010
0001101100001001
0001101100011000
0001101100100111
0001101100110110
0001101101000101
0001101101010100
0001101101100011
0001101101110001
0001101110000000
0001101110001111
0001101110011110
0001101110101101
0001101110111100
0001101111001011
0001101111011010
0001101111101001
0001101111111000
0001110000000111
0001110000010110
0001110000100101
0001110000110100
0001110001000100
0001110001010011
0001110001100010
0001110001110001
0001110010000000
0001110010001111
0001110010011110
0001110010101101
0001110010111100
0001110011001011
0001110011011011
0001110011101010
0001110011111001
0001110100001000
0001110100010111
0001110100100110
0001110100110110
0001110101000101
0001110101010100
0001110101100011
0001110101110010
0001110110000010
0001110110010001
0001110110100000
0001110110101111
0001110110111111
0001110111001110
0001110111011101
0001110111101101
0001110111111100
0001111000001011
0001111000011011
0001111000101010
0001111000111001
0001111001001001
0001111001011000
0001111001100111
0001111001110111
0001111010000110
0001111010010101
0001111010100101
0001111010110100
0001111011000100
0001111011010011
0001111011100010
0001111011110010
0001111100000001
0001111100010001
0001111100100000
0001111100110000
0001111100111111
0001111101001111
0001111101011110
0001111101101110
0001111101111101
0001111110001101
0001111110011100
0001111110101100
0001111110111011
0001111111001011
0001111111011010
0001111111101010
0001111111111001
0010000000001001
0010000000011001
0010000000101000
0010000000111000
0010000001000111
0010000001010111
0010000001100111
0010000001110110
0010000010000110
0010000010010110
0010000010100101
0010000010110101
0010000011000101
0010000011010100
0010000011100100
0010000011110100
0010000100000011
0010000100010011
0010000100100011
0010000100110010
0010000101000010
0010000101010010
0010000101100010
0010000101110001
0010000110000001
0010000110010001
0010000110100001
0010000110110000
0010000111000000
0010000111010000
0010000111100000
0010000111110000
0010000111111111
0010001000001111
0010001000011111
0010001000101111
0010001000111111
0010001001001111
0010001001011110
0010001001101110
0010001001111110
0010001010001110
0010001010011110
0010001010101110
0010001010111110
0010001011001110
0010001011011110
0010001011101110
0010001011111101
0010001100001101
0010001100011101
0010001100101101
0010001100111101
0010001101001101
0010001101011101
0010001101101101
0010001101111101
0010001110001101
0010001110011101
0010001110101101
0010001110111101
0010001111001101
0010001111011101
0010001111101101
0010001111111101
0010010000001101
0010010000011101
0010010000101110
0010010000111110
0010010001001110
0010010001011110
0010010001101110
0010010001111110
0010010010001110
0010010010011110
0010010010101110
0010010010111110
0010010011001111
0010010011011111
0010010011101111
0010010011111111
0010010100001111
0010010100011111
0010010100101111
0010010101000000
0010010101010000
0010010101100000
0010010101110000
0010010110000000
0010010110010001
0010010110100001
0010010110110001
0010010111000001
0010010111010010
0010010111100010
0010010111110010
0010011000000010
0010011000010011
0010011000100011
0010011000110011
0010011001000011
0010011001010100
0010011001100100
0010011001110100
0010011010000101
0010011010010101
0010011010100101
0010011010110110
0010011011000110
0010011011010110
0010011011100111
0010011011110111
0010011100000111
0010011100011000
0010011100101000
0010011100111000
0010011101001001
0010011101011001
0010011101101010
0010011101111010
0010011110001010
0010011110011011
0010011110101011
0010011110111100
0010011111001100
0010011111011100
0010011111101101
0010011111111101
0010100000001110
0010100000011110
0010100000101111
0010100000111111
0010100001010000
0010100001100000
0010100001110001
0010100010000001
0010100010010010
0010100010100010
0010100010110011
0010100011000011
0010100011010100
0010100011100100
0010100011110101
0010100100000101
0010100100010110
0010100100100110
0010100100110111
0010100101001000
0010100101011000
0010100101101001
0010100101111001
0010100110001010
0010100110011010
0010100110101011
0010100110111100
0010100111001100
0010100111011101
0010100111101110
0010100111111110
0010101000001111
0010101000011111
0010101000110000
0010101001000001
0010101001010001
0010101001100010
0010101001110011
0010101010000011
0010101010010100
0010101010100101
0010101010110101
0010101011000110
0010101011010111
0010101011100111
0010101011111000
0010101100001001
0010101100011010
0010101100101010
0010101100111011
0010101101001100
0010101101011101
0010101101101101
0010101101111110
0010101110001111
0010101110100000
0010101110110000
0010101111000001
0010101111010010
0010101111100011
0010101111110011
0010110000000100
0010110000010101
0010110000100110
0010110000110111
0010110001000111
0010110001011000
0010110001101001
0010110001111010
0010110010001011
0010110010011011
0010110010101100
0010110010111101
0010110011001110
0010110011011111
0010110011110000
0010110100000001
0010110100010001
0010110100100010
0010110100110011
0010110101000100
0010110101010101
0010110101100110
0010110101110111
0010110110001000
0010110110011001
0010110110101001
0010110110111010
0010110111001011
0010110111011100
0010110111101101
0010110111111110
0010111000001111
0010111000100000
0010111000110001
0010111001000010
0010111001010011
0010111001100100
0010111001110101
0010111010000110
0010111010010111
0010111010101000
0010111010111001
0010111011001010
0010111011011011
0010111011101011
0010111011111100
0010111100001101
0010111100011110
0010111100110000
0010111101000001
0010111101010010
0010111101100011
0010111101110100
0010111110000101
0010111110010110
0010111110100111
0010111110111000
0010111111001001
0010111111011010
0010111111101011
0010111111111100
0011000000001101
0011000000011110
0011000000101111
0011000001000000
0011000001010001
0011000001100010
0011000001110011
0011000010000101
0011000010010110
0011000010100111
0011000010111000
0011000011001001
0011000011011010
0011000011101011
0011000011111100
0011000100001101
0011000100011110
0011000100110000
0011000101000001
0011000101010010
0011000101100011
0011000101110100
0011000110000101
0011000110010110
0011000110101000
0011000110111001
0011000111001010
0011000111011011
0011000111101100
0011000111111101
0011001000001111
0011001000100000
0011001000110001
0011001001000010
0011001001010011
0011001001100101
0011001001110110
0011001010000111
0011001010011000
0011001010101001
0011001010111011
0011001011001100
0011001011011101
0011001011101110
0011001011111111
0011001100010001
0011001100100010
0011001100110011
0011001101000100
0011001101010110
0011001101100111
0011001101111000
0011001110001001
0011001110011010
0011001110101100
0011001110111101
0011001111001110
0011001111100000
0011001111110001
0011010000000010
0011010000010011
0011010000100101
0011010000110110
0011010001000111
0011010001011000
0011010001101010
0011010001111011
0011010010001100
0011010010011110
0011010010101111
0011010011000000
0011010011010001
0011010011100011
0011010011110100
0011010100000101
0011010100010111
0011010100101000
0011010100111001
0011010101001011
0011010101011100
0011010101101101
0011010101111111
0011010110010000
0011010110100001
0011010110110011
0011010111000100
0011010111010101
0011010111100111
0011010111111000
0011011000001001
0011011000011011
0011011000101100
0011011000111101
0011011001001111
0011011001100000
0011011001110010
0011011010000011
0011011010010100
0011011010100110
0011011010110111
0011011011001000
0011011011011010
0011011011101011
0011011011111100
0011011100001110
0011011100011111
0011011100110001
0011011101000010
0011011101010011
0011011101100101
0011011101110110
0011011110001000
0011011110011001
0011011110101010
0011011110111100
0011011111001101
0011011111011111
0011011111110000
0011100000000001
0011100000010011
0011100000100100
0011100000110110
0011100001000111
0011100001011001
0011100001101010
0011100001111011
0011100010001101
0011100010011110
0011100010110000
0011100011000001
0011100011010011
0011100011100100
0011100011110101
0011100100000111
0011100100011000
0011100100101010
0011100100111011
0011100101001101
0011100101011110
0011100101110000
0011100110000001
0011100110010010
0011100110100100
0011100110110101
0011100111000111
0011100111011000
0011100111101010
0011100111111011
0011101000001101
0011101000011110
0011101000110000
0011101001000001
0011101001010011
0011101001100100
0011101001110101
0011101010000111
0011101010011000
0011101010101010
0011101010111011
0011101011001101
0011101011011110
0011101011110000
0011101100000001
0011101100010011
0011101100100100
0011101100110110
0011101101000111
0011101101011001
0011101101101010
0011101101111100
0011101110001101
0011101110011111
0011101110110000
0011101111000010
0011101111010011
0011101111100101
0011101111110110
0011110000001000
0011110000011001
0011110000101011
0011110000111100
0011110001001110
0011110001011111
0011110001110001
0011110010000010
0011110010010100
0011110010100101
0011110010110111
0011110011001000
0011110011011010
0011110011101011
0011110011111101
0011110100001110
0011110100100000
0011110100110001
0011110101000011
0011110101010100
0011110101100110
0011110101110111
0011110110001001
0011110110011010
0011110110101100
0011110110111101
0011110111001111
0011110111100000
0011110111110010
0011111000000011
0011111000010101
0011111000100110
0011111000111000
0011111001001001
0011111001011011
0011111001101100
0011111001111110
0011111010001111
0011111010100001
0011111010110011
0011111011000100
0011111011010110
0011111011100111
0011111011111001
0011111100001010
0011111100011100
0011111100101101
0011111100111111
0011111101010000
0011111101100010
0011111101110011
0011111110000101
0011111110010110
0011111110101000
0011111110111001
0011111111001011
0011111111011100
0011111111101110
0011111111111111
0100000000010001
0100000000100010
0100000000110100
0100000001000101
0100000001010111
0100000001101000
0100000001111010
0100000010001011
0100000010011101
0100000010101111
0100000011000000
0100000011010010
0100000011100011
0100000011110101
0100000100000110
0100000100011000
0100000100101001
0100000100111011
0100000101001100
0100000101011110
0100000101101111
0100000110000001
0100000110010010
0100000110100100
0100000110110101
0100000111000111
0100000111011000
0100000111101010
0100000111111011
0100001000001101
0100001000011110
0100001000110000
0100001001000001
0100001001010011
0100001001100100
0100001001110110
0100001010000111
0100001010011001
0100001010101010
0100001010111100
0100001011001101
0100001011011111
0100001011110000
0100001100000010
0100001100010011
0100001100100101
0100001100110110
0100001101001000
0100001101011001
0100001101101011
0100001101111100
0100001110001110
0100001110011111
0100001110110001
0100001111000010
0100001111010100
0100001111100101
0100001111110110
0100010000001000
0100010000011001
0100010000101011
0100010000111100
0100010001001110
0100010001011111
0100010001110001
0100010010000010
0100010010010100
0100010010100101
0100010010110111
0100010011001000
0100010011011010
0100010011101011
0100010011111100
0100010100001110
0100010100011111
0100010100110001
0100010101000010
0100010101010100
0100010101100101
0100010101110111
0100010110001000
0100010110011010
0100010110101011
0100010110111100
0100010111001110
0100010111011111
0100010111110001
0100011000000010
0100011000010100
0100011000100101
0100011000110110
0100011001001000
0100011001011001
0100011001101011
0100011001111100
0100011010001101
0100011010011111
0100011010110000
0100011011000010
0100011011010011
0100011011100101
0100011011110110
0100011100000111
0100011100011001
0100011100101010
0100011100111100
0100011101001101
0100011101011110
0100011101110000
0100011110000001
0100011110010010
0100011110100100
0100011110110101
0100011111000111
0100011111011000
0100011111101001
0100011111111011
0100100000001100
0100100000011101
0100100000101111
0100100001000000
0100100001010010
0100100001100011
0100100001110100
0100100010000110
0100100010010111
0100100010101000
0100100010111010
0100100011001011
0100100011011100
0100100011101110
0100100011111111
0100100100010000
0100100100100010
0100100100110011
0100100101000100
0100100101010110
0100100101100111
0100100101111000
0100100110001010
0100100110011011
0100100110101100
0100100110111101
0100100111001111
0100100111100000
0100100111110001
0100101000000011
0100101000010100
0100101000100101
0100101000110111
0100101001001000
0100101001011001
0100101001101010
0100101001111100
0100101010001101
0100101010011110
0100101010101111
0100101011000001
0100101011010010
0100101011100011
0100101011110100
0100101100000110
0100101100010111
0100101100101000
0100101100111001
0100101101001011
0100101101011100
0100101101101101
0100101101111110
0100101110010000
0100101110100001
0100101110110010
0100101111000011
0100101111010100
0100101111100110
0100101111110111
0100110000001000
0100110000011001
0100110000101010
0100110000111100
0100110001001101
0100110001011110
0100110001101111
0100110010000000
0100110010010001
0100110010100011
0100110010110100
0100110011000101
0100110011010110
0100110011100111
0100110011111000
0100110100001001
0100110100011011
0100110100101100
0100110100111101
0100110101001110
0100110101011111
0100110101110000
0100110110000001
0100110110010010
0100110110100100
0100110110110101
0100110111000110
0100110111010111
0100110111101000
0100110111111001
0100111000001010
0100111000011011
0100111000101100
0100111000111101
0100111001001110
0100111001011111
0100111001110001
0100111010000010
0100111010010011
0100111010100100
0100111010110101
0100111011000110
0100111011010111
0100111011101000
0100111011111001
0100111100001010
0100111100011011
0100111100101100
0100111100111101
0100111101001110
0100111101011111
0100111101110000
0100111110000001
0100111110010010
0100111110100011
0100111110110100
0100111111000101
0100111111010110
0100111111100111
0100111111111000
0101000000001001
0101000000011010
0101000000101011
0101000000111011
0101000001001100
0101000001011101
0101000001101110
0101000001111111
0101000010010000
0101000010100001
0101000010110010
0101000011000011
0101000011010100
0101000011100101
0101000011110101
0101000100000110
0101000100010111
0101000100101000
0101000100111001
0101000101001010
0101000101011011
0101000101101100
0101000101111100
0101000110001101
0101000110011110
0101000110101111
0101000111000000
0101000111010001
0101000111100001
0101000111110010
0101001000000011
0101001000010100
0101001000100101
0101001000110101
0101001001000110
0101001001010111
0101001001101000
0101001001111000
0101001010001001
0101001010011010
0101001010101011
0101001010111011
0101001011001100
0101001011011101
0101001011101110
0101001011111110
0101001100001111
0101001100100000
0101001100110001
0101001101000001
0101001101010010
0101001101100011
0101001101110011
0101001110000100
0101001110010101
0101001110100101
0101001110110110
0101001111000111
0101001111010111
0101001111101000
0101001111111001
0101010000001001
0101010000011010
0101010000101011
0101010000111011
0101010001001100
0101010001011100
0101010001101101
0101010001111110
0101010010001110
0101010010011111
0101010010101111
0101010011000000
0101010011010000
0101010011100001
0101010011110010
0101010100000010
0101010100010011
0101010100100011
0101010100110100
0101010101000100
0101010101010101
0101010101100101
0101010101110110
0101010110000110
0101010110010111
0101010110100111
0101010110111000
0101010111001000
0101010111011001
0101010111101001
0101010111111010
0101011000001010
0101011000011010
0101011000101011
0101011000111011
0101011001001100
0101011001011100
0101011001101101
0101011001111101
0101011010001101
0101011010011110
0101011010101110
0101011010111111
0101011011001111
0101011011011111
0101011011110000
0101011100000000
0101011100010000
0101011100100001
0101011100110001
0101011101000001
0101011101010010
0101011101100010
0101011101110010
0101011110000011
0101011110010011
0101011110100011
0101011110110011
0101011111000100
0101011111010100
0101011111100100
0101011111110100
0101100000000101
0101100000010101
0101100000100101
0101100000110101
0101100001000110
0101100001010110
0101100001100110
0101100001110110
0101100010000110
0101100010010111
0101100010100111
0101100010110111
0101100011000111
0101100011010111
0101100011100111
0101100011111000
0101100100001000
0101100100011000
0101100100101000
0101100100111000
0101100101001000
0101100101011000
0101100101101000
0101100101111000
0101100110001000
0101100110011000
0101100110101001
0101100110111001
0101100111001001
0101100111011001
0101100111101001
0101100111111001
0101101000001001
0101101000011001
0101101000101001
0101101000111001
0101101001001001
0101101001011001
0101101001101001
0101101001111001
0101101010001001
0101101010011001
0101101010101000
0101101010111000
0101101011001000
0101101011011000
0101101011101000
0101101011111000
0101101100001000
0101101100011000
0101101100101000
0101101100111000
0101101101000111
0101101101010111
0101101101100111
0101101101110111
0101101110000111
0101101110010111
0101101110100110
0101101110110110
0101101111000110
0101101111010110
0101101111100110
0101101111110101
0101110000000101
0101110000010101
0101110000100101
0101110000110100
0101110001000100
0101110001010100
0101110001100011
0101110001110011
0101110010000011
0101110010010011
0101110010100010
0101110010110010
0101110011000010
0101110011010001
0101110011100001
0101110011110001
0101110100000000
0101110100010000
0101110100011111
0101110100101111
0101110100111111
0101110101001110
0101110101011110
0101110101101101
0101110101111101
0101110110001100
0101110110011100
0101110110101100
0101110110111011
0101110111001011
0101110111011010
0101110111101010
0101110111111001
0101111000001001
0101111000011000
0101111000101000
0101111000110111
0101111001000110
0101111001010110
0101111001100101
0101111001110101
0101111010000100
0101111010010100
0101111010100011
0101111010110010
0101111011000010
0101111011010001
0101111011100001
0101111011110000
0101111011111111
0101111100001111
0101111100011110
0101111100101101
0101111100111101
0101111101001100
0101111101011011
0101111101101010
0101111101111010
0101111110001001
0101111110011000
0101111110100111
0101111110110111
0101111111000110
0101111111010101
0101111111100100
0101111111110100
0110000000000011
0110000000010010
0110000000100001
0110000000110000
0110000000111111
0110000001001111
0110000001011110
0110000001101101
0110000001111100
0110000010001011
0110000010011010
0110000010101001
0110000010111000
0110000011000111
0110000011010110
0110000011100101
0110000011110101
0110000100000100
0110000100010011
0110000100100010
0110000100110001
0110000101000000
0110000101001111
0110000101011110
0110000101101101
0110000101111011
0110000110001010
0110000110011001
0110000110101000
0110000110110111
0110000111000110
0110000111010101
0110000111100100
0110000111110011
0110001000000010
0110001000010000
0110001000011111
0110001000101110
0110001000111101
0110001001001100
0110001001011011
0110001001101001
0110001001111000
0110001010000111
0110001010010110
0110001010100100
0110001010110011
0110001011000010
0110001011010001
0110001011011111
0110001011101110
0110001011111101
0110001100001100
0110001100011010
0110001100101001
0110001100111000
0110001101000110
0110001101010101
0110001101100011
0110001101110010
0110001110000001
0110001110001111
0110001110011110
0110001110101100
0110001110111011
0110001111001010
0110001111011000
0110001111100111
0110001111110101
0110010000000100
0110010000010010
0110010000100001
0110010000101111
0110010000111110
0110010001001100
0110010001011010
0110010001101001
0110010001110111
0110010010000110
0110010010010100
0110010010100011
0110010010110001
0110010010111111
0110010011001110
0110010011011100
0110010011101010
0110010011111001
0110010100000111
0110010100010101
0110010100100100
0110010100110010
0110010101000000
0110010101001110
0110010101011101
0110010101101011
0110010101111001
0110010110000111
0110010110010110
0110010110100100
0110010110110010
0110010111000000
0110010111001110
0110010111011101
0110010111101011
0110010111111001
0110011000000111
0110011000010101
0110011000100011
0110011000110001
0110011000111111
0110011001001101
0110011001011011
0110011001101010
0110011001111000
0110011010000110
0110011010010100
0110011010100010
0110011010110000
0110011010111110
0110011011001100
0110011011011010
0110011011100111
0110011011110101
0110011100000011
0110011100010001
0110011100011111
0110011100101101
0110011100111011
0110011101001001
0110011101010111
0110011101100100
0110011101110010
0110011110000000
0110011110001110
0110011110011100
0110011110101010
0110011110110111
0110011111000101
0110011111010011
0110011111100001
0110011111101110
0110011111111100
0110100000001010
0110100000010111
0110100000100101
0110100000110011
0110100001000000
0110100001001110
0110100001011100
0110100001101001
0110100001110111
0110100010000101
0110100010010010
0110100010100000
0110100010101101
0110100010111011
0110100011001000
0110100011010110
0110100011100011
0110100011110001
0110100011111110
0110100100001100
0110100100011001
0110100100100111
0110100100110100
0110100101000010
0110100101001111
0110100101011101
0110100101101010
0110100101110111
0110100110000101
0110100110010010
0110100110011111
0110100110101101
0110100110111010
0110100111000111
0110100111010101
0110100111100010
0110100111101111
0110100111111100
0110101000001010
0110101000010111
0110101000100100
0110101000110001
0110101000111111
0110101001001100
0110101001011001
0110101001100110
0110101001110011
0110101010000000
0110101010001110
0110101010011011
0110101010101000
0110101010110101
0110101011000010
0110101011001111
0110101011011100
0110101011101001
0110101011110110
0110101100000011
0110101100010000
0110101100011101
0110101100101010
0110101100110111
0110101101000100
0110101101010001
0110101101011110
0110101101101011
0110101101111000
0110101110000101
0110101110010010
0110101110011110
0110101110101011
0110101110111000
0110101111000101
0110101111010010
0110101111011111
0110101111101011
0110101111111000
0110110000000101
0110110000010010
0110110000011110
0110110000101011
0110110000111000
0110110001000100
0110110001010001
0110110001011110
0110110001101010
0110110001110111
0110110010000100
0110110010010000
0110110010011101
0110110010101010
0110110010110110
0110110011000011
0110110011001111
0110110011011100
0110110011101000
0110110011110101
0110110100000001
0110110100001110
0110110100011010
0110110100100111
0110110100110011
0110110101000000
0110110101001100
0110110101011001
0110110101100101
0110110101110001
0110110101111110
0110110110001010
0110110110010110
0110110110100011
0110110110101111
0110110110111011
0110110111001000
0110110111010100
0110110111100000
0110110111101100
0110110111111001
0110111000000101
0110111000010001
0110111000011101
0110111000101001
0110111000110110
0110111001000010
0110111001001110
0110111001011010
0110111001100110
0110111001110010
0110111001111110
0110111010001010
0110111010010111
0110111010100011
0110111010101111
0110111010111011
0110111011000111
0110111011010011
0110111011011111
0110111011101011
0110111011110111
0110111100000010
0110111100001110
0110111100011010
0110111100100110
0110111100110010
0110111100111110
0110111101001010
0110111101010110
0110111101100001
0110111101101101
0110111101111001
0110111110000101
0110111110010001
0110111110011100
0110111110101000
0110111110110100
0110111111000000
0110111111001011
0110111111010111
0110111111100011
0110111111101110
0110111111111010
0111000000000110
0111000000010001
0111000000011101
0111000000101000
0111000000110100
0111000001000000
0111000001001011
0111000001010111
0111000001100010
0111000001101110
0111000001111001
0111000010000101
0111000010010000
0111000010011100
0111000010100111
0111000010110010
0111000010111110
0111000011001001
0111000011010101
0111000011100000
0111000011101011
0111000011110111
0111000100000010
0111000100001101
0111000100011000
0111000100100100
0111000100101111
0111000100111010
0111000101000110
0111000101010001
0111000101011100
0111000101100111
0111000101110010
0111000101111101
0111000110001001
0111000110010100
0111000110011111
0111000110101010
0111000110110101
0111000111000000
0111000111001011
0111000111010110
0111000111100001
0111000111101100
0111000111110111
0111001000000010
0111001000001101
0111001000011000
0111001000100011
0111001000101110
0111001000111001
0111001001000100
0111001001001111
0111001001011010
0111001001100100
0111001001101111
0111001001111010
0111001010000101
0111001010010000
0111001010011011
0111001010100101
0111001010110000
0111001010111011
0111001011000101
0111001011010000
0111001011011011
0111001011100110
0111001011110000
0111001011111011
0111001100000101
0111001100010000
0111001100011011
0111001100100101
0111001100110000
0111001100111010
0111001101000101
0111001101001111
0111001101011010
0111001101100100
0111001101101111
0111001101111001
0111001110000100
0111001110001110
0111001110011001
0111001110100011
0111001110101110
0111001110111000
0111001111000010
0111001111001101
0111001111010111
0111001111100001
0111001111101100
0111001111110110
0111010000000000
0111010000001010
0111010000010101
0111010000011111
0111010000101001
0111010000110011
0111010000111101
0111010001001000
0111010001010010
0111010001011100
0111010001100110
0111010001110000
0111010001111010
0111010010000100
0111010010001110
0111010010011000
0111010010100010
0111010010101100
0111010010110110
0111010011000000
0111010011001010
0111010011010100
0111010011011110
0111010011101000
0111010011110010
0111010011111100
0111010100000110
0111010100001111
0111010100011001
0111010100100011
0111010100101101
0111010100110111
0111010101000000
0111010101001010
0111010101010100
0111010101011110
0111010101100111
0111010101110001
0111010101111011
0111010110000100
0111010110001110
0111010110011000
0111010110100001
0111010110101011
0111010110110101
0111010110111110
0111010111001000
0111010111010001
0111010111011011
0111010111100100
0111010111101110
0111010111110111
0111011000000001
0111011000001010
0111011000010011
0111011000011101
0111011000100110
0111011000110000
0111011000111001
0111011001000010
0111011001001100
0111011001010101
0111011001011110
0111011001101000
0111011001110001
0111011001111010
0111011010000011
0111011010001101
0111011010010110
0111011010011111
0111011010101000
0111011010110001
0111011010111010
0111011011000100
0111011011001101
0111011011010110
0111011011011111
0111011011101000
0111011011110001
0111011011111010
0111011100000011
0111011100001100
0111011100010101
0111011100011110
0111011100100111
0111011100110000
0111011100111001
0111011101000001
0111011101001010
0111011101010011
0111011101011100
0111011101100101
0111011101101110
0111011101110111
0111011101111111
0111011110001000
0111011110010001
0111011110011010
0111011110100010
0111011110101011
0111011110110100
0111011110111100
0111011111000101
0111011111001110
0111011111010110
0111011111011111
0111011111100111
0111011111110000
0111011111111000
0111100000000001
0111100000001010
0111100000010010
0111100000011011
0111100000100011
0111100000101011
0111100000110100
0111100000111100
0111100001000101
0111100001001101
0111100001010101
0111100001011110
0111100001100110
0111100001101110
0111100001110111
0111100001111111
0111100010000111
0111100010010000
0111100010011000
0111100010100000
0111100010101000
0111100010110000
0111100010111001
0111100011000001
0111100011001001
0111100011010001
0111100011011001
0111100011100001
0111100011101001
0111100011110001
0111100011111001
0111100100000001
0111100100001001
0111100100010001
0111100100011001
0111100100100001
0111100100101001
0111100100110001
0111100100111001
0111100101000001
0111100101001001
0111100101010001
0111100101011000
0111100101100000
0111100101101000
0111100101110000
0111100101111000
0111100101111111
0111100110000111
0111100110001111
0111100110010110
0111100110011110
0111100110100110
0111100110101101
0111100110110101
0111100110111101
0111100111000100
0111100111001100
0111100111010011
0111100111011011
0111100111100010
0111100111101010
0111100111110001
0111100111111001
0111101000000000
0111101000001000
0111101000001111
0111101000010111
0111101000011110
0111101000100101
0111101000101101
0111101000110100
0111101000111011
0111101001000011
0111101001001010
0111101001010001
0111101001011000
0111101001100000
0111101001100111
0111101001101110
0111101001110101
0111101001111100
0111101010000100
0111101010001011
0111101010010010
0111101010011001
0111101010100000
0111101010100111
0111101010101110
0111101010110101
0111101010111100
0111101011000011
0111101011001010
0111101011010001
0111101011011000
0111101011011111
0111101011100110
0111101011101101
0111101011110100
0111101011111010
0111101100000001
0111101100001000
0111101100001111
0111101100010110
0111101100011100
0111101100100011
0111101100101010
0111101100110001
0111101100110111
0111101100111110
0111101101000101
0111101101001011
0111101101010010
0111101101011001
0111101101011111
0111101101100110
0111101101101100
0111101101110011
0111101101111001
0111101110000000
0111101110000110
0111101110001101
0111101110010011
0111101110011010
0111101110100000
0111101110100110
0111101110101101
0111101110110011
0111101110111010
0111101111000000
0111101111000110
0111101111001100
0111101111010011
0111101111011001
0111101111011111
0111101111100101
0111101111101100
0111101111110010
0111101111111000
0111101111111110
0111110000000100
0111110000001010
0111110000010000
0111110000010111
0111110000011101
0111110000100011
0111110000101001
0111110000101111
0111110000110101
0111110000111011
0111110001000001
0111110001000111
0111110001001100
0111110001010010
0111110001011000
0111110001011110
0111110001100100
0111110001101010
0111110001110000
0111110001110101
0111110001111011
0111110010000001
0111110010000111
0111110010001100
0111110010010010
0111110010011000
0111110010011101
0111110010100011
0111110010101001
0111110010101110
0111110010110100
0111110010111001
0111110010111111
0111110011000101
0111110011001010
0111110011010000
0111110011010101
0111110011011011
0111110011100000
0111110011100101
0111110011101011
0111110011110000
0111110011110110
0111110011111011
0111110100000000
0111110100000110
0111110100001011
0111110100010000
0111110100010101
0111110100011011
0111110100100000
0111110100100101
0111110100101010
0111110100110000
0111110100110101
0111110100111010
0111110100111111
0111110101000100
0111110101001001
0111110101001110
0111110101010011
0111110101011000
0111110101011101
0111110101100010
0111110101100111
0111110101101100
0111110101110001
0111110101110110
0111110101111011
0111110110000000
0111110110000101
0111110110001010
0111110110001111
0111110110010011
0111110110011000
0111110110011101
0111110110100010
0111110110100110
0111110110101011
0111110110110000
0111110110110101
0111110110111001
0111110110111110
0111110111000011
0111110111000111
0111110111001100
0111110111010000
0111110111010101
0111110111011001
0111110111011110
0111110111100010
0111110111100111
0111110111101011
0111110111110000
0111110111110100
0111110111111001
0111110111111101
0111111000000001
0111111000000110
0111111000001010
0111111000001110
0111111000010011
0111111000010111
0111111000011011
0111111000100000
0111111000100100
0111111000101000
0111111000101100
0111111000110000
0111111000110101
0111111000111001
0111111000111101
0111111001000001
0111111001000101
0111111001001001
0111111001001101
0111111001010001
0111111001010101
0111111001011001
0111111001011101
0111111001100001
0111111001100101
0111111001101001
0111111001101101
0111111001110001
0111111001110101
0111111001111000
0111111001111100
0111111010000000
0111111010000100
0111111010001000
0111111010001011
0111111010001111
0111111010010011
0111111010010110
0111111010011010
0111111010011110
0111111010100001
0111111010100101
0111111010101001
0111111010101100
0111111010110000
0111111010110011
0111111010110111
0111111010111010
0111111010111110
0111111011000001
0111111011000101
0111111011001000
0111111011001100
0111111011001111
0111111011010010
0111111011010110
0111111011011001
0111111011011100
0111111011100000
0111111011100011
0111111011100110
0111111011101010
0111111011101101
0111111011110000
0111111011110011
0111111011110110
0111111011111001
0111111011111101
0111111100000000
0111111100000011
0111111100000110
0111111100001001
0111111100001100
0111111100001111
0111111100010010
0111111100010101
0111111100011000
0111111100011011
0111111100011110
0111111100100001
0111111100100100
0111111100100111
0111111100101001
0111111100101100
0111111100101111
0111111100110010
0111111100110101
0111111100110111
0111111100111010
0111111100111101
0111111101000000
0111111101000010
0111111101000101
0111111101001000
0111111101001010
0111111101001101
0111111101001111
0111111101010010
0111111101010101
0111111101010111
0111111101011010
0111111101011100
0111111101011111
0111111101100001
0111111101100011
0111111101100110
0111111101101000
0111111101101011
0111111101101101
0111111101101111
0111111101110010
0111111101110100
0111111101110110
0111111101111001
0111111101111011
0111111101111101
0111111101111111
0111111110000001
0111111110000100
0111111110000110
0111111110001000
0111111110001010
0111111110001100
0111111110001110
0111111110010000
0111111110010010
0111111110010100
0111111110010110
0111111110011000
0111111110011010
0111111110011100
0111111110011110
0111111110100000
0111111110100010
0111111110100100
0111111110100110
0111111110101000
0111111110101001
0111111110101011
0111111110101101
0111111110101111
0111111110110001
0111111110110010
0111111110110100
0111111110110110
0111111110110111
0111111110111001
0111111110111011
0111111110111100
0111111110111110
0111111110111111
0111111111000001
0111111111000010
0111111111000100
0111111111000110
0111111111000111
0111111111001000
0111111111001010
0111111111001011
0111111111001101
0111111111001110
0111111111001111
0111111111010001
0111111111010010
0111111111010011
0111111111010101
0111111111010110
0111111111010111
0111111111011001
0111111111011010
0111111111011011
0111111111011100
0111111111011101
0111111111011110
0111111111100000
0111111111100001
0111111111100010
0111111111100011
0111111111100100
0111111111100101
0111111111100110
0111111111100111
0111111111101000
0111111111101001
0111111111101010
0111111111101011
0111111111101011
0111111111101100
0111111111101101
0111111111101110
0111111111101111
0111111111110000
0111111111110000
0111111111110001
0111111111110010
0111111111110011
0111111111110011
0111111111110100
0111111111110101
0111111111110101
0111111111110110
0111111111110111
0111111111110111
0111111111111000
0111111111111000
0111111111111001
0111111111111001
0111111111111010
0111111111111010
0111111111111011
0111111111111011
0111111111111100
0111111111111100
0111111111111100
0111111111111101
0111111111111101
0111111111111101
0111111111111110
0111111111111110
0111111111111110
0111111111111111
0111111111111111
0111111111111111
0111111111111111
0111111111111111
0111111111111111
1000000000000000
1000000000000000
1000000000000000
1000000000000000
1000000000000000
1000000000000000
1000000000000000
1000000000000000
1000000000000000
1000000000000000
1000000000000000
1000000000000000
1000000000000000
1000000000000000
0111111111111111
0111111111111111
0111111111111111
0111111111111111
0111111111111111
0111111111111111
0111111111111110
0111111111111110
0111111111111110
0111111111111101
0111111111111101
0111111111111101
0111111111111100
0111111111111100
0111111111111100
0111111111111011
0111111111111011
0111111111111010
0111111111111010
0111111111111001
0111111111111001
0111111111111000
0111111111111000
0111111111110111
0111111111110111
0111111111110110
0111111111110101
0111111111110101
0111111111110100
0111111111110011
0111111111110011
0111111111110010
0111111111110001
0111111111110000
0111111111110000
0111111111101111
0111111111101110
0111111111101101
0111111111101100
0111111111101011
0111111111101011
0111111111101010
0111111111101001
0111111111101000
0111111111100111
0111111111100110
0111111111100101
0111111111100100
0111111111100011
0111111111100010
0111111111100001
0111111111100000
0111111111011110
0111111111011101
0111111111011100
0111111111011011
0111111111011010
0111111111011001
0111111111010111
0111111111010110
0111111111010101
0111111111010011
0111111111010010
0111111111010001
0111111111001111
0111111111001110
0111111111001101
0111111111001011
0111111111001010
0111111111001000
0111111111000111
0111111111000110
0111111111000100
0111111111000010
0111111111000001
0111111110111111
0111111110111110
0111111110111100
0111111110111011
0111111110111001
0111111110110111
0111111110110110
0111111110110100
0111111110110010
0111111110110001
0111111110101111
0111111110101101
0111111110101011
0111111110101001
0111111110101000
0111111110100110
0111111110100100
0111111110100010
0111111110100000
0111111110011110
0111111110011100
0111111110011010
0111111110011000
0111111110010110
0111111110010100
0111111110010010
0111111110010000
0111111110001110
0111111110001100
0111111110001010
0111111110001000
0111111110000110
0111111110000100
0111111110000001
0111111101111111
0111111101111101
0111111101111011
0111111101111001
0111111101110110
0111111101110100
0111111101110010
0111111101101111
0111111101101101
0111111101101011
0111111101101000
0111111101100110
0111111101100011
0111111101100001
0111111101011111
0111111101011100
0111111101011010
0111111101010111
0111111101010101
0111111101010010
0111111101001111
0111111101001101
0111111101001010
0111111101001000
0111111101000101
0111111101000010
0111111101000000
0111111100111101
0111111100111010
0111111100110111
0111111100110101
0111111100110010
0111111100101111
0111111100101100
0111111100101001
0111111100100111
0111111100100100
0111111100100001
0111111100011110
0111111100011011
0111111100011000
0111111100010101
0111111100010010
0111111100001111
0111111100001100
0111111100001001
0111111100000110
0111111100000011
0111111100000000
0111111011111101
0111111011111001
0111111011110110
0111111011110011
0111111011110000
0111111011101101
0111111011101010
0111111011100110
0111111011100011
0111111011100000
0111111011011100
0111111011011001
0111111011010110
0111111011010010
0111111011001111
0111111011001100
0111111011001000
0111111011000101
0111111011000001
0111111010111110
0111111010111010
0111111010110111
0111111010110011
0111111010110000
0111111010101100
0111111010101001
0111111010100101
0111111010100001
0111111010011110
0111111010011010
0111111010010110
0111111010010011
0111111010001111
0111111010001011
0111111010001000
0111111010000100
0111111010000000
0111111001111100
0111111001111000
0111111001110101
0111111001110001
0111111001101101
0111111001101001
0111111001100101
0111111001100001
0111111001011101
0111111001011001
0111111001010101
0111111001010001
0111111001001101
0111111001001001
0111111001000101
0111111001000001
0111111000111101
0111111000111001
0111111000110101
0111111000110000
0111111000101100
0111111000101000
0111111000100100
0111111000100000
0111111000011011
0111111000010111
0111111000010011
0111111000001110
0111111000001010
0111111000000110
0111111000000001
0111110111111101
0111110111111001
0111110111110100
0111110111110000
0111110111101011
0111110111100111
0111110111100010
0111110111011110
0111110111011001
0111110111010101
0111110111010000
0111110111001100
0111110111000111
0111110111000011
0111110110111110
0111110110111001
0111110110110101
0111110110110000
0111110110101011
0111110110100110
0111110110100010
0111110110011101
0111110110011000
0111110110010011
0111110110001111
0111110110001010
0111110110000101
0111110110000000
0111110101111011
0111110101110110
0111110101110001
0111110101101100
0111110101100111
0111110101100010
0111110101011101
0111110101011000
0111110101010011
0111110101001110
0111110101001001
0111110101000100
0111110100111111
0111110100111010
0111110100110101
0111110100110000
0111110100101010
0111110100100101
0111110100100000
0111110100011011
0111110100010101
0111110100010000
0111110100001011
0111110100000110
0111110100000000
0111110011111011
0111110011110110
0111110011110000
0111110011101011
0111110011100101
0111110011100000
0111110011011011
0111110011010101
0111110011010000
0111110011001010
0111110011000101
0111110010111111
0111110010111001
0111110010110100
0111110010101110
0111110010101001
0111110010100011
0111110010011101
0111110010011000
0111110010010010
0111110010001100
0111110010000111
0111110010000001
0111110001111011
0111110001110101
0111110001110000
0111110001101010
0111110001100100
0111110001011110
0111110001011000
0111110001010010
0111110001001100
0111110001000111
0111110001000001
0111110000111011
0111110000110101
0111110000101111
0111110000101001
0111110000100011
0111110000011101
0111110000010111
0111110000010000
0111110000001010
0111110000000100
0111101111111110
0111101111111000
0111101111110010
0111101111101100
0111101111100101
0111101111011111
0111101111011001
0111101111010011
0111101111001100
0111101111000110
0111101111000000
0111101110111010
0111101110110011
0111101110101101
0111101110100110
0111101110100000
0111101110011010
0111101110010011
0111101110001101
0111101110000110
0111101110000000
0111101101111001
0111101101110011
0111101101101100
0111101101100110
0111101101011111
0111101101011001
0111101101010010
0111101101001011
0111101101000101
0111101100111110
0111101100110111
0111101100110001
0111101100101010
0111101100100011
0111101100011100
0111101100010110
0111101100001111
0111101100001000
0111101100000001
0111101011111010
0111101011110100
0111101011101101
0111101011100110
0111101011011111
0111101011011000
0111101011010001
0111101011001010
0111101011000011
0111101010111100
0111101010110101
0111101010101110
0111101010100111
0111101010100000
0111101010011001
0111101010010010
0111101010001011
0111101010000100
0111101001111100
0111101001110101
0111101001101110
0111101001100111
0111101001100000
0111101001011000
0111101001010001
0111101001001010
0111101001000011
0111101000111011
0111101000110100
0111101000101101
0111101000100101
0111101000011110
0111101000010111
0111101000001111
0111101000001000
0111101000000000
0111100111111001
0111100111110001
0111100111101010
0111100111100010
0111100111011011
0111100111010011
0111100111001100
0111100111000100
0111100110111101
0111100110110101
0111100110101101
0111100110100110
0111100110011110
0111100110010110
0111100110001111
0111100110000111
0111100101111111
0111100101111000
0111100101110000
0111100101101000
0111100101100000
0111100101011000
0111100101010001
0111100101001001
0111100101000001
0111100100111001
0111100100110001
0111100100101001
0111100100100001
0111100100011001
0111100100010001
0111100100001001
0111100100000001
0111100011111001
0111100011110001
0111100011101001
0111100011100001
0111100011011001
0111100011010001
0111100011001001
0111100011000001
0111100010111001
0111100010110000
0111100010101000
0111100010100000
0111100010011000
0111100010010000
0111100010000111
0111100001111111
0111100001110111
0111100001101110
0111100001100110
0111100001011110
0111100001010101
0111100001001101
0111100001000101
0111100000111100
0111100000110100
0111100000101011
0111100000100011
0111100000011011
0111100000010010
0111100000001010
0111100000000001
0111011111111000
0111011111110000
0111011111100111
0111011111011111
0111011111010110
0111011111001110
0111011111000101
0111011110111100
0111011110110100
0111011110101011
0111011110100010
0111011110011010
0111011110010001
0111011110001000
0111011101111111
0111011101110111
0111011101101110
0111011101100101
0111011101011100
0111011101010011
0111011101001010
0111011101000001
0111011100111001
0111011100110000
0111011100100111
0111011100011110
0111011100010101
0111011100001100
0111011100000011
0111011011111010
0111011011110001
0111011011101000
0111011011011111
0111011011010110
0111011011001101
0111011011000100
0111011010111010
0111011010110001
0111011010101000
0111011010011111
0111011010010110
0111011010001101
0111011010000011
0111011001111010
0111011001110001
0111011001101000
0111011001011110
0111011001010101
0111011001001100
0111011001000010
0111011000111001
0111011000110000
0111011000100110
0111011000011101
0111011000010011
0111011000001010
0111011000000001
0111010111110111
0111010111101110
0111010111100100
0111010111011011
0111010111010001
0111010111001000
0111010110111110
0111010110110101
0111010110101011
0111010110100001
0111010110011000
0111010110001110
0111010110000100
0111010101111011
0111010101110001
0111010101100111
0111010101011110
0111010101010100
0111010101001010
0111010101000000
0111010100110111
0111010100101101
0111010100100011
0111010100011001
0111010100001111
0111010100000110
0111010011111100
0111010011110010
0111010011101000
0111010011011110
0111010011010100
0111010011001010
0111010011000000
0111010010110110
0111010010101100
0111010010100010
0111010010011000
0111010010001110
0111010010000100
0111010001111010
0111010001110000
0111010001100110
0111010001011100
0111010001010010
0111010001001000
0111010000111101
0111010000110011
0111010000101001
0111010000011111
0111010000010101
0111010000001010
0111010000000000
0111001111110110
0111001111101100
0111001111100001
0111001111010111
0111001111001101
0111001111000010
0111001110111000
0111001110101110
0111001110100011
0111001110011001
0111001110001110
0111001110000100
0111001101111001
0111001101101111
0111001101100100
0111001101011010
0111001101001111
0111001101000101
0111001100111010
0111001100110000
0111001100100101
0111001100011011
0111001100010000
0111001100000101
0111001011111011
0111001011110000
0111001011100110
0111001011011011
0111001011010000
0111001011000101
0111001010111011
0111001010110000
0111001010100101
0111001010011011
0111001010010000
0111001010000101
0111001001111010
0111001001101111
0111001001100100
0111001001011010
0111001001001111
0111001001000100
0111001000111001
0111001000101110
0111001000100011
0111001000011000
0111001000001101
0111001000000010
0111000111110111
0111000111101100
0111000111100001
0111000111010110
0111000111001011
0111000111000000
0111000110110101
0111000110101010
0111000110011111
0111000110010100
0111000110001001
0111000101111101
0111000101110010
0111000101100111
0111000101011100
0111000101010001
0111000101000110
0111000100111010
0111000100101111
0111000100100100
0111000100011000
0111000100001101
0111000100000010
0111000011110111
0111000011101011
0111000011100000
0111000011010101
0111000011001001
0111000010111110
0111000010110010
0111000010100111
0111000010011100
0111000010010000
0111000010000101
0111000001111001
0111000001101110
0111000001100010
0111000001010111
0111000001001011
0111000001000000
0111000000110100
0111000000101000
0111000000011101
0111000000010001
0111000000000110
0110111111111010
0110111111101110
0110111111100011
0110111111010111
0110111111001011
0110111111000000
0110111110110100
0110111110101000
0110111110011100
0110111110010001
0110111110000101
0110111101111001
0110111101101101
0110111101100001
0110111101010110
0110111101001010
0110111100111110
0110111100110010
0110111100100110
0110111100011010
0110111100001110
0110111100000010
0110111011110111
0110111011101011
0110111011011111
0110111011010011
0110111011000111
0110111010111011
0110111010101111
0110111010100011
0110111010010111
0110111010001010
0110111001111110
0110111001110010
0110111001100110
0110111001011010
0110111001001110
0110111001000010
0110111000110110
0110111000101001
0110111000011101
0110111000010001
0110111000000101
0110110111111001
0110110111101100
0110110111100000
0110110111010100
0110110111001000
0110110110111011
0110110110101111
0110110110100011
0110110110010110
0110110110001010
0110110101111110
0110110101110001
0110110101100101
0110110101011001
0110110101001100
0110110101000000
0110110100110011
0110110100100111
0110110100011010
0110110100001110
0110110100000001
0110110011110101
0110110011101000
0110110011011100
0110110011001111
0110110011000011
0110110010110110
0110110010101010
0110110010011101
0110110010010000
0110110010000100
0110110001110111
0110110001101010
0110110001011110
0110110001010001
0110110001000100
0110110000111000
0110110000101011
0110110000011110
0110110000010010
0110110000000101
0110101111111000
0110101111101011
0110101111011111
0110101111010010
0110101111000101
0110101110111000
0110101110101011
0110101110011110
0110101110010010
0110101110000101
0110101101111000
0110101101101011
0110101101011110
0110101101010001
0110101101000100
0110101100110111
0110101100101010
0110101100011101
0110101100010000
0110101100000011
0110101011110110
0110101011101001
0110101011011100
0110101011001111
0110101011000010
0110101010110101
0110101010101000
0110101010011011
0110101010001110
0110101010000000
0110101001110011
0110101001100110
0110101001011001
0110101001001100
0110101000111111
0110101000110001
0110101000100100
0110101000010111
0110101000001010
0110100111111100
0110100111101111
0110100111100010
0110100111010101
0110100111000111
0110100110111010
0110100110101101
0110100110011111
0110100110010010
0110100110000101
0110100101110111
0110100101101010
0110100101011101
0110100101001111
0110100101000010
0110100100110100
0110100100100111
0110100100011001
0110100100001100
0110100011111110
0110100011110001
0110100011100011
0110100011010110
0110100011001000
0110100010111011
0110100010101101
0110100010100000
0110100010010010
0110100010000101
0110100001110111
0110100001101001
0110100001011100
0110100001001110
0110100001000000
0110100000110011
0110100000100101
0110100000010111
0110100000001010
0110011111111100
0110011111101110
0110011111100001
0110011111010011
0110011111000101
0110011110110111
0110011110101010
0110011110011100
0110011110001110
0110011110000000
0110011101110010
0110011101100100
0110011101010111
0110011101001001
0110011100111011
0110011100101101
0110011100011111
0110011100010001
0110011100000011
0110011011110101
0110011011100111
0110011011011010
0110011011001100
0110011010111110
0110011010110000
0110011010100010
0110011010010100
0110011010000110
0110011001111000
0110011001101010
0110011001011011
0110011001001101
0110011000111111
0110011000110001
0110011000100011
0110011000010101
0110011000000111
0110010111111001
0110010111101011
0110010111011101
0110010111001110
0110010111000000
0110010110110010
0110010110100100
0110010110010110
0110010110000111
0110010101111001
0110010101101011
0110010101011101
0110010101001110
0110010101000000
0110010100110010
0110010100100100
0110010100010101
0110010100000111
0110010011111001
0110010011101010
0110010011011100
0110010011001110
0110010010111111
0110010010110001
0110010010100011
0110010010010100
0110010010000110
0110010001110111
0110010001101001
0110010001011010
0110010001001100
0110010000111110
0110010000101111
0110010000100001
0110010000010010
0110010000000100
0110001111110101
0110001111100111
0110001111011000
0110001111001010
0110001110111011
0110001110101100
0110001110011110
0110001110001111
0110001110000001
0110001101110010
0110001101100011
0110001101010101
0110001101000110
0110001100111000
0110001100101001
0110001100011010
0110001100001100
0110001011111101
0110001011101110
0110001011011111
0110001011010001
0110001011000010
0110001010110011
0110001010100100
0110001010010110
0110001010000111
0110001001111000
0110001001101001
0110001001011011
0110001001001100
0110001000111101
0110001000101110
0110001000011111
0110001000010000
0110001000000010
0110000111110011
0110000111100100
0110000111010101
0110000111000110
0110000110110111
0110000110101000
0110000110011001
0110000110001010
0110000101111011
0110000101101101
0110000101011110
0110000101001111
0110000101000000
0110000100110001
0110000100100010
0110000100010011
0110000100000100
0110000011110101
0110000011100101
0110000011010110
0110000011000111
0110000010111000
0110000010101001
0110000010011010
0110000010001011
0110000001111100
0110000001101101
0110000001011110
0110000001001111
0110000000111111
0110000000110000
0110000000100001
0110000000010010
0110000000000011
0101111111110100
0101111111100100
0101111111010101
0101111111000110
0101111110110111
0101111110100111
0101111110011000
0101111110001001
0101111101111010
0101111101101010
0101111101011011
0101111101001100
0101111100111101
0101111100101101
0101111100011110
0101111100001111
0101111011111111
0101111011110000
0101111011100001
0101111011010001
0101111011000010
0101111010110010
0101111010100011
0101111010010100
0101111010000100
0101111001110101
0101111001100101
0101111001010110
0101111001000110
0101111000110111
0101111000101000
0101111000011000
0101111000001001
0101110111111001
0101110111101010
0101110111011010
0101110111001011
0101110110111011
0101110110101100
0101110110011100
0101110110001100
0101110101111101
0101110101101101
0101110101011110
0101110101001110
0101110100111111
0101110100101111
0101110100011111
0101110100010000
0101110100000000
0101110011110001
0101110011100001
0101110011010001
0101110011000010
0101110010110010
0101110010100010
0101110010010011
0101110010000011
0101110001110011
0101110001100011
0101110001010100
0101110001000100
0101110000110100
0101110000100101
0101110000010101
0101110000000101
0101101111110101
0101101111100110
0101101111010110
0101101111000110
0101101110110110
0101101110100110
0101101110010111
0101101110000111
0101101101110111
0101101101100111
0101101101010111
0101101101000111
0101101100111000
0101101100101000
0101101100011000
0101101100001000
0101101011111000
0101101011101000
0101101011011000
0101101011001000
0101101010111000
0101101010101000
0101101010011001
0101101010001001
0101101001111001
0101101001101001
0101101001011001
0101101001001001
0101101000111001
0101101000101001
0101101000011001
0101101000001001
0101100111111001
0101100111101001
0101100111011001
0101100111001001
0101100110111001
0101100110101001
0101100110011000
0101100110001000
0101100101111000
0101100101101000
0101100101011000
0101100101001000
0101100100111000
0101100100101000
0101100100011000
0101100100001000
0101100011111000
0101100011100111
0101100011010111
0101100011000111
0101100010110111
0101100010100111
0101100010010111
0101100010000110
0101100001110110
0101100001100110
0101100001010110
0101100001000110
0101100000110101
0101100000100101
0101100000010101
0101100000000101
0101011111110100
0101011111100100
0101011111010100
0101011111000100
0101011110110011
0101011110100011
0101011110010011
0101011110000011
0101011101110010
0101011101100010
0101011101010010
0101011101000001
0101011100110001
0101011100100001
0101011100010000
0101011100000000
0101011011110000
0101011011011111
0101011011001111
0101011010111111
0101011010101110
0101011010011110
0101011010001101
0101011001111101
0101011001101101
0101011001011100
0101011001001100
0101011000111011
0101011000101011
0101011000011010
0101011000001010
0101010111111010
0101010111101001
0101010111011001
0101010111001000
0101010110111000
0101010110100111
0101010110010111
0101010110000110
0101010101110110
0101010101100101
0101010101010101
0101010101000100
0101010100110100
0101010100100011
0101010100010011
0101010100000010
0101010011110010
0101010011100001
0101010011010000
0101010011000000
0101010010101111
0101010010011111
0101010010001110
0101010001111110
0101010001101101
0101010001011100
0101010001001100
0101010000111011
0101010000101011
0101010000011010
0101010000001001
0101001111111001
0101001111101000
0101001111010111
0101001111000111
0101001110110110
0101001110100101
0101001110010101
0101001110000100
0101001101110011
0101001101100011
0101001101010010
0101001101000001
0101001100110001
0101001100100000
0101001100001111
0101001011111110
0101001011101110
0101001011011101
0101001011001100
0101001010111011
0101001010101011
0101001010011010
0101001010001001
0101001001111000
0101001001101000
0101001001010111
0101001001000110
0101001000110101
0101001000100101
0101001000010100
0101001000000011
0101000111110010
0101000111100001
0101000111010001
0101000111000000
0101000110101111
0101000110011110
0101000110001101
0101000101111100
0101000101101100
0101000101011011
0101000101001010
0101000100111001
0101000100101000
0101000100010111
0101000100000110
0101000011110101
0101000011100101
0101000011010100
0101000011000011
0101000010110010
0101000010100001
0101000010010000
0101000001111111
0101000001101110
0101000001011101
0101000001001100
0101000000111011
0101000000101011
0101000000011010
0101000000001001
0100111111111000
0100111111100111
0100111111010110
0100111111000101
0100111110110100
0100111110100011
0100111110010010
0100111110000001
0100111101110000
0100111101011111
0100111101001110
0100111100111101
0100111100101100
0100111100011011
0100111100001010
0100111011111001
0100111011101000
0100111011010111
0100111011000110
0100111010110101
0100111010100100
0100111010010011
0100111010000010
0100111001110001
0100111001011111
0100111001001110
0100111000111101
0100111000101100
0100111000011011
0100111000001010
0100110111111001
0100110111101000
0100110111010111
0100110111000110
0100110110110101
0100110110100100
0100110110010010
0100110110000001
0100110101110000
0100110101011111
0100110101001110
0100110100111101
0100110100101100
0100110100011011
0100110100001001
0100110011111000
0100110011100111
0100110011010110
0100110011000101
0100110010110100
0100110010100011
0100110010010001
0100110010000000
0100110001101111
0100110001011110
0100110001001101
0100110000111100
0100110000101010
0100110000011001
0100110000001000
0100101111110111
0100101111100110
0100101111010100
0100101111000011
0100101110110010
0100101110100001
0100101110010000
0100101101111110
0100101101101101
0100101101011100
0100101101001011
0100101100111001
0100101100101000
0100101100010111
0100101100000110
0100101011110100
0100101011100011
0100101011010010
0100101011000001
0100101010101111
0100101010011110
0100101010001101
0100101001111100
0100101001101010
0100101001011001
0100101001001000
0100101000110111
0100101000100101
0100101000010100
0100101000000011
0100100111110001
0100100111100000
0100100111001111
0100100110111101
0100100110101100
0100100110011011
0100100110001010
0100100101111000
0100100101100111
0100100101010110
0100100101000100
0100100100110011
0100100100100010
0100100100010000
0100100011111111
0100100011101110
0100100011011100
0100100011001011
0100100010111010
0100100010101000
0100100010010111
0100100010000110
0100100001110100
0100100001100011
0100100001010010
0100100001000000
0100100000101111
0100100000011101
0100100000001100
0100011111111011
0100011111101001
0100011111011000
0100011111000111
0100011110110101
0100011110100100
0100011110010010
0100011110000001
0100011101110000
0100011101011110
0100011101001101
0100011100111100
0100011100101010
0100011100011001
0100011100000111
0100011011110110
0100011011100101
0100011011010011
0100011011000010
0100011010110000
0100011010011111
0100011010001101
0100011001111100
0100011001101011
0100011001011001
0100011001001000
0100011000110110
0100011000100101
0100011000010100
0100011000000010
0100010111110001
0100010111011111
0100010111001110
0100010110111100
0100010110101011
0100010110011010
0100010110001000
0100010101110111
0100010101100101
0100010101010100
0100010101000010
0100010100110001
0100010100011111
0100010100001110
0100010011111100
0100010011101011
0100010011011010
0100010011001000
0100010010110111
0100010010100101
0100010010010100
0100010010000010
0100010001110001
0100010001011111
0100010001001110
0100010000111100
0100010000101011
0100010000011001
0100010000001000
0100001111110110
0100001111100101
0100001111010100
0100001111000010
0100001110110001
0100001110011111
0100001110001110
0100001101111100
0100001101101011
0100001101011001
0100001101001000
0100001100110110
0100001100100101
0100001100010011
0100001100000010
0100001011110000
0100001011011111
0100001011001101
0100001010111100
0100001010101010
0100001010011001
0100001010000111
0100001001110110
0100001001100100
0100001001010011
0100001001000001
0100001000110000
0100001000011110
0100001000001101
0100000111111011
0100000111101010
0100000111011000
0100000111000111
0100000110110101
0100000110100100
0100000110010010
0100000110000001
0100000101101111
0100000101011110
0100000101001100
0100000100111011
0100000100101001
0100000100011000
0100000100000110
0100000011110101
0100000011100011
0100000011010010
0100000011000000
0100000010101111
0100000010011101
0100000010001011
0100000001111010
0100000001101000
0100000001010111
0100000001000101
0100000000110100
0100000000100010
0100000000010001
0011111111111111
0011111111101110
0011111111011100
0011111111001011
0011111110111001
0011111110101000
0011111110010110
0011111110000101
0011111101110011
0011111101100010
0011111101010000
0011111100111111
0011111100101101
0011111100011100
0011111100001010
0011111011111001
0011111011100111
0011111011010110
0011111011000100
0011111010110011
0011111010100001
0011111010001111
0011111001111110
0011111001101100
0011111001011011
0011111001001001
0011111000111000
0011111000100110
0011111000010101
0011111000000011
0011110111110010
0011110111100000
0011110111001111
0011110110111101
0011110110101100
0011110110011010
0011110110001001
0011110101110111
0011110101100110
0011110101010100
0011110101000011
0011110100110001
0011110100100000
0011110100001110
0011110011111101
0011110011101011
0011110011011010
0011110011001000
0011110010110111
0011110010100101
0011110010010100
0011110010000010
0011110001110001
0011110001011111
0011110001001110
0011110000111100
0011110000101011
0011110000011001
0011110000001000
0011101111110110
0011101111100101
0011101111010011
0011101111000010
0011101110110000
0011101110011111
0011101110001101
0011101101111100
0011101101101010
0011101101011001
0011101101000111
0011101100110110
0011101100100100
0011101100010011
0011101100000001
0011101011110000
0011101011011110
0011101011001101
0011101010111011
0011101010101010
0011101010011000
0011101010000111
0011101001110101
0011101001100100
0011101001010011
0011101001000001
0011101000110000
0011101000011110
0011101000001101
0011100111111011
0011100111101010
0011100111011000
0011100111000111
0011100110110101
0011100110100100
0011100110010010
0011100110000001
0011100101110000
0011100101011110
0011100101001101
0011100100111011
0011100100101010
0011100100011000
0011100100000111
0011100011110101
0011100011100100
0011100011010011
0011100011000001
0011100010110000
0011100010011110
0011100010001101
0011100001111011
0011100001101010
0011100001011001
0011100001000111
0011100000110110
0011100000100100
0011100000010011
0011100000000001
0011011111110000
0011011111011111
0011011111001101
0011011110111100
0011011110101010
0011011110011001
0011011110001000
0011011101110110
0011011101100101
0011011101010011
0011011101000010
0011011100110001
0011011100011111
0011011100001110
0011011011111100
0011011011101011
0011011011011010
0011011011001000
0011011010110111
0011011010100110
0011011010010100
0011011010000011
0011011001110010
0011011001100000
0011011001001111
0011011000111101
0011011000101100
0011011000011011
0011011000001001
0011010111111000
0011010111100111
0011010111010101
0011010111000100
0011010110110011
0011010110100001
0011010110010000
0011010101111111
0011010101101101
0011010101011100
0011010101001011
0011010100111001
0011010100101000
0011010100010111
0011010100000101
0011010011110100
0011010011100011
0011010011010001
0011010011000000
0011010010101111
0011010010011110
0011010010001100
0011010001111011
0011010001101010
0011010001011000
0011010001000111
0011010000110110
0011010000100101
0011010000010011
0011010000000010
0011001111110001
0011001111100000
0011001111001110
0011001110111101
0011001110101100
0011001110011010
0011001110001001
0011001101111000
0011001101100111
0011001101010110
0011001101000100
0011001100110011
0011001100100010
0011001100010001
0011001011111111
0011001011101110
0011001011011101
0011001011001100
0011001010111011
0011001010101001
0011001010011000
0011001010000111
0011001001110110
0011001001100101
0011001001010011
0011001001000010
0011001000110001
0011001000100000
0011001000001111
0011000111111101
0011000111101100
0011000111011011
0011000111001010
0011000110111001
0011000110101000
0011000110010110
0011000110000101
0011000101110100
0011000101100011
0011000101010010
0011000101000001
0011000100110000
0011000100011110
0011000100001101
0011000011111100
0011000011101011
0011000011011010
0011000011001001
0011000010111000
0011000010100111
0011000010010110
0011000010000101
0011000001110011
0011000001100010
0011000001010001
0011000001000000
0011000000101111
0011000000011110
0011000000001101
0010111111111100
0010111111101011
0010111111011010
0010111111001001
0010111110111000
0010111110100111
0010111110010110
0010111110000101
0010111101110100
0010111101100011
0010111101010010
0010111101000001
0010111100110000
0010111100011110
0010111100001101
0010111011111100
0010111011101011
0010111011011011
0010111011001010
0010111010111001
0010111010101000
0010111010010111
0010111010000110
0010111001110101
0010111001100100
0010111001010011
0010111001000010
0010111000110001
0010111000100000
0010111000001111
0010110111111110
0010110111101101
0010110111011100
0010110111001011
0010110110111010
0010110110101001
0010110110011001
0010110110001000
0010110101110111
0010110101100110
0010110101010101
0010110101000100
0010110100110011
0010110100100010
0010110100010001
0010110100000001
0010110011110000
0010110011011111
0010110011001110
0010110010111101
0010110010101100
0010110010011011
0010110010001011
0010110001111010
0010110001101001
0010110001011000
0010110001000111
0010110000110111
0010110000100110
0010110000010101
0010110000000100
0010101111110011
0010101111100011
0010101111010010
0010101111000001
0010101110110000
0010101110100000
0010101110001111
0010101101111110
0010101101101101
0010101101011101
0010101101001100
0010101100111011
0010101100101010
0010101100011010
0010101100001001
0010101011111000
0010101011100111
0010101011010111
0010101011000110
0010101010110101
0010101010100101
0010101010010100
0010101010000011
0010101001110011
0010101001100010
0010101001010001
0010101001000001
0010101000110000
0010101000011111
0010101000001111
0010100111111110
0010100111101110
0010100111011101
0010100111001100
0010100110111100
0010100110101011
0010100110011010
0010100110001010
0010100101111001
0010100101101001
0010100101011000
0010100101001000
0010100100110111
0010100100100110
0010100100010110
0010100100000101
0010100011110101
0010100011100100
0010100011010100
0010100011000011
0010100010110011
0010100010100010
0010100010010010
0010100010000001
0010100001110001
0010100001100000
0010100001010000
0010100000111111
0010100000101111
0010100000011110
0010100000001110
0010011111111101
0010011111101101
0010011111011100
0010011111001100
0010011110111100
0010011110101011
0010011110011011
0010011110001010
0010011101111010
0010011101101010
0010011101011001
0010011101001001
0010011100111000
0010011100101000
0010011100011000
0010011100000111
0010011011110111
0010011011100111
0010011011010110
0010011011000110
0010011010110110
0010011010100101
0010011010010101
0010011010000101
0010011001110100
0010011001100100
0010011001010100
0010011001000011
0010011000110011
0010011000100011
0010011000010011
0010011000000010
0010010111110010
0010010111100010
0010010111010010
0010010111000001
0010010110110001
0010010110100001
0010010110010001
0010010110000000
0010010101110000
0010010101100000
0010010101010000
0010010101000000
0010010100101111
0010010100011111
0010010100001111
0010010011111111
0010010011101111
0010010011011111
0010010011001111
0010010010111110
0010010010101110
0010010010011110
0010010010001110
0010010001111110
0010010001101110
0010010001011110
0010010001001110
0010010000111110
0010010000101110
0010010000011101
0010010000001101
0010001111111101
0010001111101101
0010001111011101
0010001111001101
0010001110111101
0010001110101101
0010001110011101
0010001110001101
0010001101111101
0010001101101101
0010001101011101
0010001101001101
0010001100111101
0010001100101101
0010001100011101
0010001100001101
0010001011111101
0010001011101110
0010001011011110
0010001011001110
0010001010111110
0010001010101110
0010001010011110
0010001010001110
0010001001111110
0010001001101110
0010001001011110
0010001001001111
0010001000111111
0010001000101111
0010001000011111
0010001000001111
0010000111111111
0010000111110000
0010000111100000
0010000111010000
0010000111000000
0010000110110000
0010000110100001
0010000110010001
0010000110000001
0010000101110001
0010000101100010
0010000101010010
0010000101000010
0010000100110010
0010000100100011
0010000100010011
0010000100000011
0010000011110100
0010000011100100
0010000011010100
0010000011000101
0010000010110101
0010000010100101
0010000010010110
0010000010000110
0010000001110110
0010000001100111
0010000001010111
0010000001000111
0010000000111000
0010000000101000
0010000000011001
0010000000001001
0001111111111001
0001111111101010
0001111111011010
0001111111001011
0001111110111011
0001111110101100
0001111110011100
0001111110001101
0001111101111101
0001111101101110
0001111101011110
0001111101001111
0001111100111111
0001111100110000
0001111100100000
0001111100010001
0001111100000001
0001111011110010
0001111011100010
0001111011010011
0001111011000100
0001111010110100
0001111010100101
0001111010010101
0001111010000110
0001111001110111
0001111001100111
0001111001011000
0001111001001001
0001111000111001
0001111000101010
0001111000011011
0001111000001011
0001110111111100
0001110111101101
0001110111011101
0001110111001110
0001110110111111
0001110110101111
0001110110100000
0001110110010001
0001110110000010
0001110101110010
0001110101100011
0001110101010100
0001110101000101
0001110100110110
0001110100100110
0001110100010111
0001110100001000
0001110011111001
0001110011101010
0001110011011011
0001110011001011
0001110010111100
0001110010101101
0001110010011110
0001110010001111
0001110010000000
0001110001110001
0001110001100010
0001110001010011
0001110001000100
0001110000110100
0001110000100101
0001110000010110
0001110000000111
0001101111111000
0001101111101001
0001101111011010
0001101111001011
0001101110111100
0001101110101101
0001101110011110
0001101110001111
0001101110000000
0001101101110001
0001101101100011
0001101101010100
0001101101000101
0001101100110110
0001101100100111
0001101100011000
0001101100001001
0001101011111010
0001101011101011
0001101011011101
0001101011001110
0001101010111111
0001101010110000
0001101010100001
0001101010010010
0001101010000100
0001101001110101
0001101001100110
0001101001010111
0001101001001000
0001101000111010
