0001101000111010
0001101001110101
0001101010110000
0001101011101100
0001101100100111
0001101101100011
0001101110011111
0001101111011011
0001110000010111
0001110001010011
0001110010001111
0001110011001100
0001110100001001
0001110101000101
0001110110000010
0001110110111111
0001110111111101
0001111000111010
0001111001110111
0001111010110101
0001111011110011
0001111100110001
0001111101101111
0001111110101101
0001111111101011
0010000000101001
0010000001101000
0010000010100110
0010000011100101
0010000100100100
0010000101100011
0010000110100010
0010000111100001
0010001000100001
0010001001100000
0010001010100000
0010001011011111
0010001100011111
0010001101011111
0010001110011111
0010001111011111
0010010000011111
0010010001100000
0010010010100000
0010010011100001
0010010100100001
0010010101100010
0010010110100011
0010010111100100
0010011000100101
0010011001100110
0010011010101000
0010011011101001
0010011100101011
0010011101101100
0010011110101110
0010011111110000
0010100000110001
0010100001110011
0010100010110110
0010100011111000
0010100100111010
0010100101111100
0010100110111111
0010101000000001
0010101001000100
0010101010000111
0010101011001001
0010101100001100
0010101101001111
0010101110010010
0010101111010101
0010110000011000
0010110001011100
0010110010011111
0010110011100011
0010110100100110
0010110101101010
0010110110101101
0010110111110001
0010111000110101
0010111001111001
0010111010111101
0010111100000001
0010111101000101
0010111110001001
0010111111001101
0011000000010001
0011000001010110
0011000010011010
0011000011011111
0011000100100011
0011000101101000
0011000110101100
0011000111110001
0011001000110110
0011001001111011
0011001010111111
0011001100000100
0011001101001001
0011001110001110
0011001111010011
0011010000011000
0011010001011110
0011010010100011
0011010011101000
0011010100101101
0011010101110011
0011010110111000
0011010111111110
0011011001000011
0011011010001001
0011011011001110
0011011100010100
0011011101011001
0011011110011111
0011011111100101
0011100000101010
0011100001110000
0011100010110110
0011100011111100
0011100101000001
0011100110000111
0011100111001101
0011101000010011
0011101001011001
0011101010011111
0011101011100101
0011101100101011
0011101101110001
0011101110110111
0011101111111101
0011110001000011
0011110010001001
0011110011001111
0011110100010101
0011110101011011
0011110110100001
0011110111100111
0011111000101110
0011111001110100
0011111010111010
0011111100000000
0011111101000110
0011111110001100
0011111111010010
0100000000011000
0100000001011110
0100000010100101
0100000011101011
0100000100110001
0100000101110111
0100000110111101
0100001000000011
0100001001001001
0100001010001111
0100001011010101
0100001100011011
0100001101100001
0100001110100111
0100001111101101
0100010000110011
0100010001111001
0100010010111111
0100010100000101
0100010101001011
0100010110010001
0100010111010110
0100011000011100
0100011001100010
0100011010101000
0100011011101101
0100011100110011
0100011101111001
0100011110111110
0100100000000100
0100100001001001
0100100010001111
0100100011010100
0100100100011001
0100100101011111
0100100110100100
0100100111101001
0100101000101111
0100101001110100
0100101010111001
0100101011111110
0100101101000011
0100101110001000
0100101111001101
0100110000010010
0100110001010110
0100110010011011
0100110011100000
0100110100100100
0100110101101001
0100110110101101
0100110111110010
0100111000110110
0100111001111010
0100111010111111
0100111100000011
0100111101000111
0100111110001011
0100111111001111
0101000000010011
0101000001010111
0101000010011010
0101000011011110
0101000100100010
0101000101100101
0101000110101000
0101000111101100
0101001000101111
0101001001110010
0101001010110101
0101001011111000
0101001100111011
0101001101111110
0101001111000001
0101010000000011
0101010001000110
0101010010001000
0101010011001011
0101010100001101
0101010101001111
0101010110010001
0101010111010011
0101011000010101
0101011001010111
0101011010011000
0101011011011010
0101011100011011
0101011101011101
0101011110011110
0101011111011111
0101100000100000
0101100001100001
0101100010100010
0101100011100011
0101100100100011
0101100101100100
0101100110100100
0101100111100100
0101101000100100
0101101001100100
0101101010100100
0101101011100100
0101101100100011
0101101101100011
0101101110100010
0101101111100001
0101110000100000
0101110001011111
0101110010011110
0101110011011101
0101110100011100
0101110101011010
0101110110011000
0101110111010110
0101111000010100
0101111001010010
0101111010010000
0101111011001110
0101111100001011
0101111101001000
0101111110000110
0101111111000011
0101111111111111
0110000000111100
0110000001111001
0110000010110101
0110000011110001
0110000100101110
0110000101101010
0110000110100101
0110000111100001
0110001000011101
0110001001011000
0110001010010011
0110001011001110
0110001100001001
0110001101000100
0110001101111110
0110001110111001
0110001111110011
0110010000101101
0110010001100111
0110010010100000
0110010011011010
0110010100010011
0110010101001100
0110010110000101
0110010110111110
0110010111110111
0110011000101111
0110011001101000
0110011010100000
0110011011011000
0110011100010000
0110011101000111
0110011101111111
0110011110110110
0110011111101101
0110100000100100
0110100001011010
0110100010010001
0110100011000111
0110100011111101
0110100100110011
0110100101101001
0110100110011110
0110100111010100
0110101000001001
0110101000111110
0110101001110010
0110101010100111
0110101011011011
0110101100001111
0110101101000011
0110101101110111
0110101110101010
0110101111011110
0110110000010001
0110110001000100
0110110001110111
0110110010101001
0110110011011011
0110110100001101
0110110100111111
0110110101110001
0110110110100010
0110110111010100
0110111000000101
0110111000110101
0110111001100110
0110111010010110
0110111011000110
0110111011110110
0110111100100110
0110111101010110
0110111110000101
0110111110110100
0110111111100011
0111000000010001
0111000001000000
0111000001101110
0111000010011100
0111000011001001
0111000011110111
0111000100100100
0111000101010001
0111000101111110
0111000110101010
0111000111010111
0111001000000011
0111001000101111
0111001001011010
0111001010000101
0111001010110001
0111001011011011
0111001100000110
0111001100110000
0111001101011011
0111001110000101
0111001110101110
0111001111011000
0111010000000001
0111010000101010
0111010001010010
0111010001111011
0111010010100011
0111010011001011
0111010011110011
0111010100011010
0111010101000001
0111010101101000
0111010110001111
0111010110110110
0111010111011100
0111011000000010
0111011000100111
0111011001001101
0111011001110010
0111011010010111
0111011010111100
0111011011100000
0111011100000100
0111011100101000
0111011101001100
0111011101101111
0111011110010010
0111011110110101
0111011111010111
0111011111111010
0111100000011100
0111100000111110
0111100001011111
0111100010000000
0111100010100001
0111100011000010
0111100011100011
0111100100000011
0111100100100011
0111100101000010
0111100101100010
0111100110000001
0111100110100000
0111100110111110
0111100111011100
0111100111111010
0111101000011000
0111101000110110
0111101001010011
0111101001110000
0111101010001100
0111101010101001
0111101011000101
0111101011100000
0111101011111100
0111101100010111
0111101100110010
0111101101001101
0111101101100111
0111101110000001
0111101110011011
0111101110110101
0111101111001110
0111101111100111
0111110000000000
0111110000011000
0111110000110000
0111110001001000
0111110001100000
0111110001110111
0111110010001110
0111110010100101
0111110010111011
0111110011010001
0111110011100111
0111110011111101
0111110100010010
0111110100100111
0111110100111011
0111110101010000
0111110101100100
0111110101111000
0111110110001011
0111110110011110
0111110110110001
0111110111000100
0111110111010110
0111110111101000
0111110111111010
0111111000001100
0111111000011101
0111111000101110
0111111000111110
0111111001001110
0111111001011110
0111111001101110
0111111001111110
0111111010001101
0111111010011011
0111111010101010
0111111010111000
0111111011000110
0111111011010100
0111111011100001
0111111011101110
0111111011111011
0111111100000111
0111111100010011
0111111100011111
0111111100101011
0111111100110110
0111111101000001
0111111101001011
0111111101010110
0111111101100000
0111111101101001
0111111101110011
0111111101111100
0111111110000101
0111111110001101
0111111110010101
0111111110011101
0111111110100101
0111111110101100
0111111110110011
0111111110111010
0111111111000000
0111111111000110
0111111111001100
0111111111010001
0111111111010111
0111111111011011
0111111111100000
0111111111100100
0111111111101000
0111111111101100
0111111111101111
0111111111110010
0111111111110101
0111111111110111
0111111111111010
0111111111111011
0111111111111101
0111111111111110
0111111111111111
1000000000000000
1000000000000000
1000000000000000
1000000000000000
0111111111111111
0111111111111110
0111111111111101
0111111111111011
0111111111111010
0111111111110111
0111111111110101
0111111111110010
0111111111101111
0111111111101100
0111111111101000
0111111111100100
0111111111100000
0111111111011011
0111111111010111
0111111111010001
0111111111001100
0111111111000110
0111111111000000
0111111110111010
0111111110110011
0111111110101100
0111111110100101
0111111110011101
0111111110010101
0111111110001101
0111111110000101
0111111101111100
0111111101110011
0111111101101001
0111111101100000
0111111101010110
0111111101001011
0111111101000001
0111111100110110
0111111100101011
0111111100011111
0111111100010011
0111111100000111
0111111011111011
0111111011101110
0111111011100001
0111111011010100
0111111011000110
0111111010111000
0111111010101010
0111111010011011
0111111010001101
0111111001111110
0111111001101110
0111111001011110
0111111001001110
0111111000111110
0111111000101110
0111111000011101
0111111000001100
0111110111111010
0111110111101000
0111110111010110
0111110111000100
0111110110110001
0111110110011110
0111110110001011
0111110101111000
0111110101100100
0111110101010000
0111110100111011
0111110100100111
0111110100010010
0111110011111101
0111110011100111
0111110011010001
0111110010111011
0111110010100101
0111110010001110
0111110001110111
0111110001100000
0111110001001000
0111110000110000
0111110000011000
0111110000000000
0111101111100111
0111101111001110
0111101110110101
0111101110011011
0111101110000001
0111101101100111
0111101101001101
0111101100110010
0111101100010111
0111101011111100
0111101011100000
0111101011000101
0111101010101001
0111101010001100
0111101001110000
0111101001010011
0111101000110110
0111101000011000
0111100111111010
0111100111011100
0111100110111110
0111100110100000
0111100110000001
0111100101100010
0111100101000010
0111100100100011
0111100100000011
0111100011100011
0111100011000010
0111100010100001
0111100010000000
0111100001011111
0111100000111110
0111100000011100
0111011111111010
0111011111010111
0111011110110101
0111011110010010
0111011101101111
0111011101001100
0111011100101000
0111011100000100
0111011011100000
0111011010111100
0111011010010111
0111011001110010
0111011001001101
0111011000100111
0111011000000010
0111010111011100
0111010110110110
0111010110001111
0111010101101000
0111010101000001
0111010100011010
0111010011110011
0111010011001011
0111010010100011
0111010001111011
0111010001010010
0111010000101010
0111010000000001
0111001111011000
0111001110101110
0111001110000101
0111001101011011
0111001100110000
0111001100000110
0111001011011011
0111001010110001
0111001010000101
0111001001011010
0111001000101111
0111001000000011
0111000111010111
0111000110101010
0111000101111110
0111000101010001
0111000100100100
0111000011110111
0111000011001001
0111000010011100
0111000001101110
0111000001000000
0111000000010001
0110111111100011
0110111110110100
0110111110000101
0110111101010110
0110111100100110
0110111011110110
0110111011000110
0110111010010110
0110111001100110
0110111000110101
0110111000000101
0110110111010100
0110110110100010
0110110101110001
0110110100111111
0110110100001101
0110110011011011
0110110010101001
0110110001110111
0110110001000100
0110110000010001
0110101111011110
0110101110101010
0110101101110111
0110101101000011
0110101100001111
0110101011011011
0110101010100111
0110101001110010
0110101000111110
0110101000001001
0110100111010100
0110100110011110
0110100101101001
0110100100110011
0110100011111101
0110100011000111
0110100010010001
0110100001011010
0110100000100100
0110011111101101
0110011110110110
0110011101111111
0110011101000111
0110011100010000
0110011011011000
0110011010100000
0110011001101000
0110011000101111
0110010111110111
0110010110111110
0110010110000101
0110010101001100
0110010100010011
0110010011011010
0110010010100000
0110010001100111
0110010000101101
0110001111110011
0110001110111001
0110001101111110
0110001101000100
0110001100001001
0110001011001110
0110001010010011
0110001001011000
0110001000011101
0110000111100001
0110000110100101
0110000101101010
0110000100101110
0110000011110001
0110000010110101
0110000001111001
0110000000111100
0101111111111111
0101111111000011
0101111110000110
0101111101001000
0101111100001011
0101111011001110
0101111010010000
0101111001010010
0101111000010100
0101110111010110
0101110110011000
0101110101011010
0101110100011100
0101110011011101
0101110010011110
0101110001011111
0101110000100000
0101101111100001
0101101110100010
0101101101100011
0101101100100011
0101101011100100
0101101010100100
0101101001100100
0101101000100100
0101100111100100
0101100110100100
0101100101100100
0101100100100011
0101100011100011
0101100010100010
0101100001100001
0101100000100000
0101011111011111
0101011110011110
0101011101011101
0101011100011011
0101011011011010
0101011010011000
0101011001010111
0101011000010101
0101010111010011
0101010110010001
0101010101001111
0101010100001101
0101010011001011
0101010010001000
0101010001000110
0101010000000011
0101001111000001
0101001101111110
0101001100111011
0101001011111000
0101001010110101
0101001001110010
0101001000101111
0101000111101100
0101000110101000
0101000101100101
0101000100100010
0101000011011110
0101000010011010
0101000001010111
0101000000010011
0100111111001111
0100111110001011
0100111101000111
0100111100000011
0100111010111111
0100111001111010
0100111000110110
0100110111110010
0100110110101101
0100110101101001
0100110100100100
0100110011100000
0100110010011011
0100110001010110
0100110000010010
0100101111001101
0100101110001000
0100101101000011
0100101011111110
0100101010111001
0100101001110100
0100101000101111
0100100111101001
0100100110100100
0100100101011111
0100100100011001
0100100011010100
0100100010001111
0100100001001001
0100100000000100
0100011110111110
0100011101111001
0100011100110011
0100011011101101
0100011010101000
0100011001100010
0100011000011100
0100010111010110
0100010110010001
0100010101001011
0100010100000101
0100010010111111
0100010001111001
0100010000110011
0100001111101101
0100001110100111
0100001101100001
0100001100011011
0100001011010101
0100001010001111
0100001001001001
0100001000000011
0100000110111101
0100000101110111
0100000100110001
0100000011101011
0100000010100101
0100000001011110
0100000000011000
0011111111010010
0011111110001100
0011111101000110
0011111100000000
0011111010111010
0011111001110100
0011111000101110
0011110111100111
0011110110100001
0011110101011011
0011110100010101
0011110011001111
0011110010001001
0011110001000011
0011101111111101
0011101110110111
0011101101110001
0011101100101011
0011101011100101
0011101010011111
0011101001011001
0011101000010011
0011100111001101
0011100110000111
0011100101000001
0011100011111100
0011100010110110
0011100001110000
0011100000101010
0011011111100101
0011011110011111
0011011101011001
0011011100010100
0011011011001110
0011011010001001
0011011001000011
0011010111111110
0011010110111000
0011010101110011
0011010100101101
0011010011101000
0011010010100011
0011010001011110
0011010000011000
0011001111010011
0011001110001110
0011001101001001
0011001100000100
0011001010111111
0011001001111011
0011001000110110
0011000111110001
0011000110101100
0011000101101000
0011000100100011
0011000011011111
0011000010011010
0011000001010110
0011000000010001
0010111111001101
0010111110001001
0010111101000101
0010111100000001
0010111010111101
0010111001111001
0010111000110101
0010110111110001
0010110110101101
0010110101101010
0010110100100110
0010110011100011
0010110010011111
0010110001011100
0010110000011000
0010101111010101
0010101110010010
0010101101001111
0010101100001100
0010101011001001
0010101010000111
0010101001000100
0010101000000001
0010100110111111
0010100101111100
0010100100111010
0010100011111000
0010100010110110
0010100001110011
0010100000110001
0010011111110000
0010011110101110
0010011101101100
0010011100101011
0010011011101001
0010011010101000
0010011001100110
0010011000100101
0010010111100100
0010010110100011
0010010101100010
0010010100100001
0010010011100001
0010010010100000
0010010001100000
0010010000011111
0010001111011111
0010001110011111
0010001101011111
0010001100011111
0010001011011111
0010001010100000
0010001001100000
0010001000100001
0010000111100001
0010000110100010
0010000101100011
0010000100100100
0010000011100101
0010000010100110
0010000001101000
0010000000101001
0001111111101011
0001111110101101
0001111101101111
0001111100110001
0001111011110011
0001111010110101
0001111001110111
0001111000111010
0001110111111101
0001110110111111
0001110110000010
0001110101000101
0001110100001001
0001110011001100
0001110010001111
0001110001010011
0001110000010111
0001101111011011
0001101110011111
0001101101100011
0001101100100111
0001101011101100
0001101010110000
0001101001110101
0001101000111010
