0001101000111010
0001101001010111
0001101001110101
0001101010010010
0001101010110000
0001101011001110
0001101011101011
0001101100001001
0001101100100111
0001101101000101
0001101101100011
0001101110000001
0001101110011110
0001101110111100
0001101111011010
0001101111111000
0001110000010110
0001110000110101
0001110001010011
0001110001110001
0001110010001111
0001110010101101
0001110011001100
0001110011101010
0001110100001000
0001110100100111
0001110101000101
0001110101100011
0001110110000010
0001110110100000
0001110110111111
0001110111011110
0001110111111100
0001111000011011
0001111000111001
0001111001011000
0001111001110111
0001111010010110
0001111010110100
0001111011010011
0001111011110010
0001111100010001
0001111100110000
0001111101001111
0001111101101110
0001111110001101
0001111110101100
0001111111001011
0001111111101010
0010000000001001
0010000000101001
0010000001001000
0010000001100111
0010000010000110
0010000010100110
0010000011000101
0010000011100100
0010000100000100
0010000100100011
0010000101000011
0010000101100010
0010000110000010
0010000110100001
0010000111000001
0010000111100000
0010001000000000
0010001000100000
0010001000111111
0010001001011111
0010001001111111
0010001010011111
0010001010111110
0010001011011110
0010001011111110
0010001100011110
0010001100111110
0010001101011110
0010001101111110
0010001110011110
0010001110111110
0010001111011110
0010001111111110
0010010000011110
0010010000111110
0010010001011110
0010010001111111
0010010010011111
0010010010111111
0010010011011111
0010010100000000
0010010100100000
0010010101000000
0010010101100001
0010010110000001
0010010110100010
0010010111000010
0010010111100011
0010011000000011
0010011000100100
0010011001000100
0010011001100101
0010011010000101
0010011010100110
0010011011000111
0010011011100111
0010011100001000
0010011100101001
0010011101001010
0010011101101010
0010011110001011
0010011110101100
0010011111001101
0010011111101110
0010100000001111
0010100000110000
0010100001010001
0010100001110010
0010100010010011
0010100010110100
0010100011010101
0010100011110110
0010100100010111
0010100100111000
0010100101011001
0010100101111010
0010100110011011
0010100110111101
0010100111011110
0010100111111111
0010101000100000
0010101001000010
0010101001100011
0010101010000100
0010101010100110
0010101011000111
0010101011101001
0010101100001010
0010101100101011
0010101101001101
0010101101101110
0010101110010000
0010101110110001
0010101111010011
0010101111110101
0010110000010110
0010110000111000
0010110001011001
0010110001111011
0010110010011101
0010110010111110
0010110011100000
0010110100000010
0010110100100100
0010110101000101
0010110101100111
0010110110001001
0010110110101011
0010110111001101
0010110111101110
0010111000010000
0010111000110010
0010111001010100
0010111001110110
0010111010011000
0010111010111010
0010111011011100
0010111011111110
0010111100100000
0010111101000010
0010111101100100
0010111110000110
0010111110101000
0010111111001010
0010111111101100
0011000000001110
0011000000110001
0011000001010011
0011000001110101
0011000010010111
0011000010111001
0011000011011100
0011000011111110
0011000100100000
0011000101000010
0011000101100101
0011000110000111
0011000110101001
0011000111001011
0011000111101110
0011001000010000
0011001000110011
0011001001010101
0011001001110111
0011001010011010
0011001010111100
0011001011011111
0011001100000001
0011001100100011
0011001101000110
0011001101101000
0011001110001011
0011001110101101
0011001111010000
0011001111110010
0011010000010101
0011010000111000
0011010001011010
0011010001111101
0011010010011111
0011010011000010
0011010011100101
0011010100000111
0011010100101010
0011010101001100
0011010101101111
0011010110010010
0011010110110100
0011010111010111
0011010111111010
0011011000011101
0011011000111111
0011011001100010
0011011010000101
0011011010101000
0011011011001010
0011011011101101
0011011100010000
0011011100110011
0011011101010101
0011011101111000
0011011110011011
0011011110111110
0011011111100001
0011100000000011
0011100000100110
0011100001001001
0011100001101100
0011100010001111
0011100010110010
0011100011010101
0011100011110111
0011100100011010
0011100100111101
0011100101100000
0011100110000011
0011100110100110
0011100111001001
0011100111101100
0011101000001111
0011101000110010
0011101001010101
0011101001111000
0011101010011011
0011101010111110
0011101011100001
0011101100000011
0011101100100110
0011101101001001
0011101101101100
0011101110001111
0011101110110010
0011101111010101
0011101111111000
0011110000011011
0011110000111110
0011110001100001
0011110010000100
0011110010100111
0011110011001010
0011110011101101
0011110100010000
0011110100110100
0011110101010111
0011110101111010
0011110110011101
0011110111000000
0011110111100011
0011111000000110
0011111000101001
0011111001001100
0011111001101111
0011111010010010
0011111010110101
0011111011011000
0011111011111011
0011111100011110
0011111101000001
0011111101100100
0011111110000111
0011111110101010
0011111111001101
0011111111110000
0100000000010011
0100000000110110
0100000001011001
0100000001111101
0100000010100000
0100000011000011
0100000011100110
0100000100001001
0100000100101100
0100000101001111
0100000101110010
0100000110010101
0100000110111000
0100000111011011
0100000111111110
0100001000100001
0100001001000100
0100001001100111
0100001010001010
0100001010101101
0100001011010000
0100001011110011
0100001100010110
0100001100111001
0100001101011100
0100001101111111
0100001110100010
0100001111000101
0100001111101000
0100010000001011
0100010000101110
0100010001010001
0100010001110100
0100010010010110
0100010010111001
0100010011011100
0100010011111111
0100010100100010
0100010101000101
0100010101101000
0100010110001011
0100010110101110
0100010111010001
0100010111110100
0100011000010110
0100011000111001
0100011001011100
0100011001111111
0100011010100010
0100011011000101
0100011011100111
0100011100001010
0100011100101101
0100011101010000
0100011101110011
0100011110010101
0100011110111000
0100011111011011
0100011111111110
0100100000100000
0100100001000011
0100100001100110
0100100010001001
0100100010101011
0100100011001110
0100100011110001
0100100100010011
0100100100110110
0100100101011001
0100100101111011
0100100110011110
0100100111000001
0100100111100011
0100101000000110
0100101000101000
0100101001001011
0100101001101101
0100101010010000
0100101010110011
0100101011010101
0100101011111000
0100101100011010
0100101100111101
0100101101011111
0100101110000001
0100101110100100
0100101111000110
0100101111101001
0100110000001011
0100110000101110
0100110001010000
0100110001110010
0100110010010101
0100110010110111
0100110011011001
0100110011111100
0100110100011110
0100110101000000
0100110101100010
0100110110000101
0100110110100111
0100110111001001
0100110111101011
0100111000001101
0100111000110000
0100111001010010
0100111001110100
0100111010010110
0100111010111000
0100111011011010
0100111011111100
0100111100011110
0100111101000000
0100111101100010
0100111110000100
0100111110100110
0100111111001000
0100111111101010
0101000000001100
0101000000101110
0101000001010000
0101000001110010
0101000010010100
0101000010110101
0101000011010111
0101000011111001
0101000100011011
0101000100111100
0101000101011110
0101000110000000
0101000110100010
0101000111000011
0101000111100101
0101001000000110
0101001000101000
0101001001001010
0101001001101011
0101001010001101
0101001010101110
0101001011010000
0101001011110001
0101001100010011
0101001100110100
0101001101010110
0101001101110111
0101001110011000
0101001110111010
0101001111011011
0101001111111100
0101010000011101
0101010000111111
0101010001100000
0101010010000001
0101010010100010
0101010011000011
0101010011100101
0101010100000110
0101010100100111
0101010101001000
0101010101101001
0101010110001010
0101010110101011
0101010111001100
0101010111101101
0101011000001110
0101011000101111
0101011001001111
0101011001110000
0101011010010001
0101011010110010
0101011011010011
0101011011110011
0101011100010100
0101011100110101
0101011101010101
0101011101110110
0101011110010111
0101011110110111
0101011111011000
0101011111111000
0101100000011001
0101100000111001
0101100001011010
0101100001111010
0101100010011010
0101100010111011
0101100011011011
0101100011111011
0101100100011100
0101100100111100
0101100101011100
0101100101111100
0101100110011100
0101100110111100
0101100111011100
0101100111111101
0101101000011101
0101101000111101
0101101001011101
0101101001111100
0101101010011100
0101101010111100
0101101011011100
0101101011111100
0101101100011100
0101101100111011
0101101101011011
0101101101111011
0101101110011010
0101101110111010
0101101111011010
0101101111111001
0101110000011001
0101110000111000
0101110001011000
0101110001110111
0101110010010110
0101110010110110
0101110011010101
0101110011110100
0101110100010100
0101110100110011
0101110101010010
0101110101110001
0101110110010000
0101110110101111
0101110111001111
0101110111101110
0101111000001101
0101111000101100
0101111001001010
0101111001101001
0101111010001000
0101111010100111
0101111011000110
0101111011100100
0101111100000011
0101111100100010
0101111101000000
0101111101011111
0101111101111110
0101111110011100
0101111110111011
0101111111011001
0101111111111000
0110000000010110
0110000000110100
0110000001010011
0110000001110001
0110000010001111
0110000010101101
0110000011001011
0110000011101001
0110000100001000
0110000100100110
0110000101000100
0110000101100010
0110000101111111
0110000110011101
0110000110111011
0110000111011001
0110000111110111
0110001000010100
0110001000110010
0110001001010000
0110001001101101
0110001010001011
0110001010101001
0110001011000110
0110001011100011
0110001100000001
0110001100011110
0110001100111100
0110001101011001
0110001101110110
0110001110010011
0110001110110000
0110001111001110
0110001111101011
0110010000001000
0110010000100101
0110010001000010
0110010001011111
0110010001111011
0110010010011000
0110010010110101
0110010011010010
0110010011101110
0110010100001011
0110010100101000
0110010101000100
0110010101100001
0110010101111101
0110010110011010
0110010110110110
0110010111010010
0110010111101111
0110011000001011
0110011000100111
0110011001000011
0110011001100000
0110011001111100
0110011010011000
0110011010110100
0110011011010000
0110011011101100
0110011100000111
0110011100100011
0110011100111111
0110011101011011
0110011101110110
0110011110010010
0110011110101110
0110011111001001
0110011111100101
0110100000000000
0110100000011011
0110100000110111
0110100001010010
0110100001101101
0110100010001001
0110100010100100
0110100010111111
0110100011011010
0110100011110101
0110100100010000
0110100100101011
0110100101000110
0110100101100001
0110100101111011
0110100110010110
0110100110110001
0110100111001011
0110100111100110
0110101000000001
0110101000011011
0110101000110101
0110101001010000
0110101001101010
0110101010000101
0110101010011111
0110101010111001
0110101011010011
0110101011101101
0110101100000111
0110101100100001
0110101100111011
0110101101010101
0110101101101111
0110101110001001
0110101110100010
0110101110111100
0110101111010110
0110101111101111
0110110000001001
0110110000100010
0110110000111100
0110110001010101
0110110001101111
0110110010001000
0110110010100001
0110110010111010
0110110011010011
0110110011101100
0110110100000101
0110110100011110
0110110100110111
0110110101010000
0110110101101001
0110110110000010
0110110110011010
0110110110110011
0110110111001100
0110110111100100
0110110111111101
0110111000010101
0110111000101101
0110111001000110
0110111001011110
0110111001110110
0110111010001110
0110111010100111
0110111010111111
0110111011010111
0110111011101111
0110111100000110
0110111100011110
0110111100110110
0110111101001110
0110111101100101
0110111101111101
0110111110010101
0110111110101100
0110111111000011
0110111111011011
0110111111110010
0111000000001001
0111000000100001
0111000000111000
0111000001001111
0111000001100110
0111000001111101
0111000010010100
0111000010101011
0111000011000010
0111000011011000
0111000011101111
0111000100000110
0111000100011100
0111000100110011
0111000101001001
0111000101100000
0111000101110110
0111000110001100
0111000110100011
0111000110111001
0111000111001111
0111000111100101
0111000111111011
0111001000010001
0111001000100111
0111001000111101
0111001001010011
0111001001101000
0111001001111110
0111001010010100
0111001010101001
0111001010111111
0111001011010100
0111001011101001
0111001011111111
0111001100010100
0111001100101001
0111001100111110
0111001101010011
0111001101101000
0111001101111101
0111001110010010
0111001110100111
0111001110111100
0111001111010000
0111001111100101
0111001111111001
0111010000001110
0111010000100010
0111010000110111
0111010001001011
0111010001011111
0111010001110100
0111010010001000
0111010010011100
0111010010110000
0111010011000100
0111010011011000
0111010011101100
0111010011111111
0111010100010011
0111010100100111
0111010100111010
0111010101001110
0111010101100001
0111010101110101
0111010110001000
0111010110011011
0111010110101110
0111010111000010
0111010111010101
0111010111101000
0111010111111011
0111011000001110
0111011000100000
0111011000110011
0111011001000110
0111011001011000
0111011001101011
0111011001111110
0111011010010000
0111011010100010
0111011010110101
0111011011000111
0111011011011001
0111011011101011
0111011011111101
0111011100001111
0111011100100001
0111011100110011
0111011101000101
0111011101010111
0111011101101000
0111011101111010
0111011110001011
0111011110011101
0111011110101110
0111011111000000
0111011111010001
0111011111100010
0111011111110011
0111100000000100
0111100000010101
0111100000100110
0111100000110111
0111100001001000
0111100001011001
0111100001101001
0111100001111010
0111100010001010
0111100010011011
0111100010101011
0111100010111100
0111100011001100
0111100011011100
0111100011101100
0111100011111100
0111100100001100
0111100100011100
0111100100101100
0111100100111100
0111100101001100
0111100101011011
0111100101101011
0111100101111011
0111100110001010
0111100110011001
0111100110101001
0111100110111000
0111100111000111
0111100111010110
0111100111100101
0111100111110100
0111101000000011
0111101000010010
0111101000100001
0111101000110000
0111101000111110
0111101001001101
0111101001011011
0111101001101010
0111101001111000
0111101010000111
0111101010010101
0111101010100011
0111101010110001
0111101010111111
0111101011001101
0111101011011011
0111101011101001
0111101011110110
0111101100000100
0111101100010010
0111101100011111
0111101100101101
0111101100111010
0111101101000111
0111101101010101
0111101101100010
0111101101101111
0111101101111100
0111101110001001
0111101110010110
0111101110100011
0111101110101111
0111101110111100
0111101111001001
0111101111010101
0111101111100010
0111101111101110
0111101111111011
0111110000000111
0111110000010011
0111110000011111
0111110000101011
0111110000110111
0111110001000011
0111110001001111
0111110001011011
0111110001100110
0111110001110010
0111110001111110
0111110010001001
0111110010010100
0111110010100000
0111110010101011
0111110010110110
0111110011000001
0111110011001100
0111110011010111
0111110011100010
0111110011101101
0111110011111000
0111110100000011
0111110100001101
0111110100011000
0111110100100010
0111110100101101
0111110100110111
0111110101000001
0111110101001011
0111110101010110
0111110101100000
0111110101101010
0111110101110011
0111110101111101
0111110110000111
0111110110010001
0111110110011010
0111110110100100
0111110110101101
0111110110110111
0111110111000000
0111110111001001
0111110111010010
0111110111011011
0111110111100100
0111110111101101
0111110111110110
0111110111111111
0111111000001000
0111111000010000
0111111000011001
0111111000100001
0111111000101010
0111111000110010
0111111000111011
0111111001000011
0111111001001011
0111111001010011
0111111001011011
0111111001100011
0111111001101011
0111111001110010
0111111001111010
0111111010000010
0111111010001001
0111111010010001
0111111010011000
0111111010011111
0111111010100111
0111111010101110
0111111010110101
0111111010111100
0111111011000011
0111111011001010
0111111011010001
0111111011010111
0111111011011110
0111111011100100
0111111011101011
0111111011110001
0111111011111000
0111111011111110
0111111100000100
0111111100001010
0111111100010000
0111111100010110
0111111100011100
0111111100100010
0111111100101000
0111111100101110
0111111100110011
0111111100111001
0111111100111110
0111111101000011
0111111101001001
0111111101001110
0111111101010011
0111111101011000
0111111101011101
0111111101100010
0111111101100111
0111111101101100
0111111101110000
0111111101110101
0111111101111010
0111111101111110
0111111110000011
0111111110000111
0111111110001011
0111111110001111
0111111110010011
0111111110010111
0111111110011011
0111111110011111
0111111110100011
0111111110100111
0111111110101010
0111111110101110
0111111110110001
0111111110110101
0111111110111000
0111111110111011
0111111110111111
0111111111000010
0111111111000101
0111111111001000
0111111111001011
0111111111001101
0111111111010000
0111111111010011
0111111111010101
0111111111011000
0111111111011010
0111111111011101
0111111111011111
0111111111100001
0111111111100011
0111111111100101
0111111111100111
0111111111101001
0111111111101011
0111111111101101
0111111111101110
0111111111110000
0111111111110010
0111111111110011
0111111111110100
0111111111110110
0111111111110111
0111111111111000
0111111111111001
0111111111111010
0111111111111011
0111111111111100
0111111111111101
0111111111111101
0111111111111110
0111111111111110
0111111111111111
0111111111111111
1000000000000000
1000000000000000
1000000000000000
1000000000000000
1000000000000000
1000000000000000
1000000000000000
1000000000000000
0111111111111111
0111111111111111
0111111111111110
0111111111111110
0111111111111101
0111111111111101
0111111111111100
0111111111111011
0111111111111010
0111111111111001
0111111111111000
0111111111110111
0111111111110110
0111111111110100
0111111111110011
0111111111110010
0111111111110000
0111111111101110
0111111111101101
0111111111101011
0111111111101001
0111111111100111
0111111111100101
0111111111100011
0111111111100001
0111111111011111
0111111111011101
0111111111011010
0111111111011000
0111111111010101
0111111111010011
0111111111010000
0111111111001101
0111111111001011
0111111111001000
0111111111000101
0111111111000010
0111111110111111
0111111110111011
0111111110111000
0111111110110101
0111111110110001
0111111110101110
0111111110101010
0111111110100111
0111111110100011
0111111110011111
0111111110011011
0111111110010111
0111111110010011
0111111110001111
0111111110001011
0111111110000111
0111111110000011
0111111101111110
0111111101111010
0111111101110101
0111111101110000
0111111101101100
0111111101100111
0111111101100010
0111111101011101
0111111101011000
0111111101010011
0111111101001110
0111111101001001
0111111101000011
0111111100111110
0111111100111001
0111111100110011
0111111100101110
0111111100101000
0111111100100010
0111111100011100
0111111100010110
0111111100010000
0111111100001010
0111111100000100
0111111011111110
0111111011111000
0111111011110001
0111111011101011
0111111011100100
0111111011011110
0111111011010111
0111111011010001
0111111011001010
0111111011000011
0111111010111100
0111111010110101
0111111010101110
0111111010100111
0111111010011111
0111111010011000
0111111010010001
0111111010001001
0111111010000010
0111111001111010
0111111001110010
0111111001101011
0111111001100011
0111111001011011
0111111001010011
0111111001001011
0111111001000011
0111111000111011
0111111000110010
0111111000101010
0111111000100001
0111111000011001
0111111000010000
0111111000001000
0111110111111111
0111110111110110
0111110111101101
0111110111100100
0111110111011011
0111110111010010
0111110111001001
0111110111000000
0111110110110111
0111110110101101
0111110110100100
0111110110011010
0111110110010001
0111110110000111
0111110101111101
0111110101110011
0111110101101010
0111110101100000
0111110101010110
0111110101001011
0111110101000001
0111110100110111
0111110100101101
0111110100100010
0111110100011000
0111110100001101
0111110100000011
0111110011111000
0111110011101101
0111110011100010
0111110011010111
0111110011001100
0111110011000001
0111110010110110
0111110010101011
0111110010100000
0111110010010100
0111110010001001
0111110001111110
0111110001110010
0111110001100110
0111110001011011
0111110001001111
0111110001000011
0111110000110111
0111110000101011
0111110000011111
0111110000010011
0111110000000111
0111101111111011
0111101111101110
0111101111100010
0111101111010101
0111101111001001
0111101110111100
0111101110101111
0111101110100011
0111101110010110
0111101110001001
0111101101111100
0111101101101111
0111101101100010
0111101101010101
0111101101000111
0111101100111010
0111101100101101
0111101100011111
0111101100010010
0111101100000100
0111101011110110
0111101011101001
0111101011011011
0111101011001101
0111101010111111
0111101010110001
0111101010100011
0111101010010101
0111101010000111
0111101001111000
0111101001101010
0111101001011011
0111101001001101
0111101000111110
0111101000110000
0111101000100001
0111101000010010
0111101000000011
0111100111110100
0111100111100101
0111100111010110
0111100111000111
0111100110111000
0111100110101001
0111100110011001
0111100110001010
0111100101111011
0111100101101011
0111100101011011
0111100101001100
0111100100111100
0111100100101100
0111100100011100
0111100100001100
0111100011111100
0111100011101100
0111100011011100
0111100011001100
0111100010111100
0111100010101011
0111100010011011
0111100010001010
0111100001111010
0111100001101001
0111100001011001
0111100001001000
0111100000110111
0111100000100110
0111100000010101
0111100000000100
0111011111110011
0111011111100010
0111011111010001
0111011111000000
0111011110101110
0111011110011101
0111011110001011
0111011101111010
0111011101101000
0111011101010111
0111011101000101
0111011100110011
0111011100100001
0111011100001111
0111011011111101
0111011011101011
0111011011011001
0111011011000111
0111011010110101
0111011010100010
0111011010010000
0111011001111110
0111011001101011
0111011001011000
0111011001000110
0111011000110011
0111011000100000
0111011000001110
0111010111111011
0111010111101000
0111010111010101
0111010111000010
0111010110101110
0111010110011011
0111010110001000
0111010101110101
0111010101100001
0111010101001110
0111010100111010
0111010100100111
0111010100010011
0111010011111111
0111010011101100
0111010011011000
0111010011000100
0111010010110000
0111010010011100
0111010010001000
0111010001110100
0111010001011111
0111010001001011
0111010000110111
0111010000100010
0111010000001110
0111001111111001
0111001111100101
0111001111010000
0111001110111100
0111001110100111
0111001110010010
0111001101111101
0111001101101000
0111001101010011
0111001100111110
0111001100101001
0111001100010100
0111001011111111
0111001011101001
0111001011010100
0111001010111111
0111001010101001
0111001010010100
0111001001111110
0111001001101000
0111001001010011
0111001000111101
0111001000100111
0111001000010001
0111000111111011
0111000111100101
0111000111001111
0111000110111001
0111000110100011
0111000110001100
0111000101110110
0111000101100000
0111000101001001
0111000100110011
0111000100011100
0111000100000110
0111000011101111
0111000011011000
0111000011000010
0111000010101011
0111000010010100
0111000001111101
0111000001100110
0111000001001111
0111000000111000
0111000000100001
0111000000001001
0110111111110010
0110111111011011
0110111111000011
0110111110101100
0110111110010101
0110111101111101
0110111101100101
0110111101001110
0110111100110110
0110111100011110
0110111100000110
0110111011101111
0110111011010111
0110111010111111
0110111010100111
0110111010001110
0110111001110110
0110111001011110
0110111001000110
0110111000101101
0110111000010101
0110110111111101
0110110111100100
0110110111001100
0110110110110011
0110110110011010
0110110110000010
0110110101101001
0110110101010000
0110110100110111
0110110100011110
0110110100000101
0110110011101100
0110110011010011
0110110010111010
0110110010100001
0110110010001000
0110110001101111
0110110001010101
0110110000111100
0110110000100010
0110110000001001
0110101111101111
0110101111010110
0110101110111100
0110101110100010
0110101110001001
0110101101101111
0110101101010101
0110101100111011
0110101100100001
0110101100000111
0110101011101101
0110101011010011
0110101010111001
0110101010011111
0110101010000101
0110101001101010
0110101001010000
0110101000110101
0110101000011011
0110101000000001
0110100111100110
0110100111001011
0110100110110001
0110100110010110
0110100101111011
0110100101100001
0110100101000110
0110100100101011
0110100100010000
0110100011110101
0110100011011010
0110100010111111
0110100010100100
0110100010001001
0110100001101101
0110100001010010
0110100000110111
0110100000011011
0110100000000000
0110011111100101
0110011111001001
0110011110101110
0110011110010010
0110011101110110
0110011101011011
0110011100111111
0110011100100011
0110011100000111
0110011011101100
0110011011010000
0110011010110100
0110011010011000
0110011001111100
0110011001100000
0110011001000011
0110011000100111
0110011000001011
0110010111101111
0110010111010010
0110010110110110
0110010110011010
0110010101111101
0110010101100001
0110010101000100
0110010100101000
0110010100001011
0110010011101110
0110010011010010
0110010010110101
0110010010011000
0110010001111011
0110010001011111
0110010001000010
0110010000100101
0110010000001000
0110001111101011
0110001111001110
0110001110110000
0110001110010011
0110001101110110
0110001101011001
0110001100111100
0110001100011110
0110001100000001
0110001011100011
0110001011000110
0110001010101001
0110001010001011
0110001001101101
0110001001010000
0110001000110010
0110001000010100
0110000111110111
0110000111011001
0110000110111011
0110000110011101
0110000101111111
0110000101100010
0110000101000100
0110000100100110
0110000100001000
0110000011101001
0110000011001011
0110000010101101
0110000010001111
0110000001110001
0110000001010011
0110000000110100
0110000000010110
0101111111111000
0101111111011001
0101111110111011
0101111110011100
0101111101111110
0101111101011111
0101111101000000
0101111100100010
0101111100000011
0101111011100100
0101111011000110
0101111010100111
0101111010001000
0101111001101001
0101111001001010
0101111000101100
0101111000001101
0101110111101110
0101110111001111
0101110110101111
0101110110010000
0101110101110001
0101110101010010
0101110100110011
0101110100010100
0101110011110100
0101110011010101
0101110010110110
0101110010010110
0101110001110111
0101110001011000
0101110000111000
0101110000011001
0101101111111001
0101101111011010
0101101110111010
0101101110011010
0101101101111011
0101101101011011
0101101100111011
0101101100011100
0101101011111100
0101101011011100
0101101010111100
0101101010011100
0101101001111100
0101101001011101
0101101000111101
0101101000011101
0101100111111101
0101100111011100
0101100110111100
0101100110011100
0101100101111100
0101100101011100
0101100100111100
0101100100011100
0101100011111011
0101100011011011
0101100010111011
0101100010011010
0101100001111010
0101100001011010
0101100000111001
0101100000011001
0101011111111000
0101011111011000
0101011110110111
0101011110010111
0101011101110110
0101011101010101
0101011100110101
0101011100010100
0101011011110011
0101011011010011
0101011010110010
0101011010010001
0101011001110000
0101011001001111
0101011000101111
0101011000001110
0101010111101101
0101010111001100
0101010110101011
0101010110001010
0101010101101001
0101010101001000
0101010100100111
0101010100000110
0101010011100101
0101010011000011
0101010010100010
0101010010000001
0101010001100000
0101010000111111
0101010000011101
0101001111111100
0101001111011011
0101001110111010
0101001110011000
0101001101110111
0101001101010110
0101001100110100
0101001100010011
0101001011110001
0101001011010000
0101001010101110
0101001010001101
0101001001101011
0101001001001010
0101001000101000
0101001000000110
0101000111100101
0101000111000011
0101000110100010
0101000110000000
0101000101011110
0101000100111100
0101000100011011
0101000011111001
0101000011010111
0101000010110101
0101000010010100
0101000001110010
0101000001010000
0101000000101110
0101000000001100
0100111111101010
0100111111001000
0100111110100110
0100111110000100
0100111101100010
0100111101000000
0100111100011110
0100111011111100
0100111011011010
0100111010111000
0100111010010110
0100111001110100
0100111001010010
0100111000110000
0100111000001101
0100110111101011
0100110111001001
0100110110100111
0100110110000101
0100110101100010
0100110101000000
0100110100011110
0100110011111100
0100110011011001
0100110010110111
0100110010010101
0100110001110010
0100110001010000
0100110000101110
0100110000001011
0100101111101001
0100101111000110
0100101110100100
0100101110000001
0100101101011111
0100101100111101
0100101100011010
0100101011111000
0100101011010101
0100101010110011
0100101010010000
0100101001101101
0100101001001011
0100101000101000
0100101000000110
0100100111100011
0100100111000001
0100100110011110
0100100101111011
0100100101011001
0100100100110110
0100100100010011
0100100011110001
0100100011001110
0100100010101011
0100100010001001
0100100001100110
0100100001000011
0100100000100000
0100011111111110
0100011111011011
0100011110111000
0100011110010101
0100011101110011
0100011101010000
0100011100101101
0100011100001010
0100011011100111
0100011011000101
0100011010100010
0100011001111111
0100011001011100
0100011000111001
0100011000010110
0100010111110100
0100010111010001
0100010110101110
0100010110001011
0100010101101000
0100010101000101
0100010100100010
0100010011111111
0100010011011100
0100010010111001
0100010010010110
0100010001110100
0100010001010001
0100010000101110
0100010000001011
0100001111101000
0100001111000101
0100001110100010
0100001101111111
0100001101011100
0100001100111001
0100001100010110
0100001011110011
0100001011010000
0100001010101101
0100001010001010
0100001001100111
0100001001000100
0100001000100001
0100000111111110
0100000111011011
0100000110111000
0100000110010101
0100000101110010
0100000101001111
0100000100101100
0100000100001001
0100000011100110
0100000011000011
0100000010100000
0100000001111101
0100000001011001
0100000000110110
0100000000010011
0011111111110000
0011111111001101
0011111110101010
0011111110000111
0011111101100100
0011111101000001
0011111100011110
0011111011111011
0011111011011000
0011111010110101
0011111010010010
0011111001101111
0011111001001100
0011111000101001
0011111000000110
0011110111100011
0011110111000000
0011110110011101
0011110101111010
0011110101010111
0011110100110100
0011110100010000
0011110011101101
0011110011001010
0011110010100111
0011110010000100
0011110001100001
0011110000111110
0011110000011011
0011101111111000
0011101111010101
0011101110110010
0011101110001111
0011101101101100
0011101101001001
0011101100100110
0011101100000011
0011101011100001
0011101010111110
0011101010011011
0011101001111000
0011101001010101
0011101000110010
0011101000001111
0011100111101100
0011100111001001
0011100110100110
0011100110000011
0011100101100000
0011100100111101
0011100100011010
0011100011110111
0011100011010101
0011100010110010
0011100010001111
0011100001101100
0011100001001001
0011100000100110
0011100000000011
0011011111100001
0011011110111110
0011011110011011
0011011101111000
0011011101010101
0011011100110011
0011011100010000
0011011011101101
0011011011001010
0011011010101000
0011011010000101
0011011001100010
0011011000111111
0011011000011101
0011010111111010
0011010111010111
0011010110110100
0011010110010010
0011010101101111
0011010101001100
0011010100101010
0011010100000111
0011010011100101
0011010011000010
0011010010011111
0011010001111101
0011010001011010
0011010000111000
0011010000010101
0011001111110010
0011001111010000
0011001110101101
0011001110001011
0011001101101000
0011001101000110
0011001100100011
0011001100000001
0011001011011111
0011001010111100
0011001010011010
0011001001110111
0011001001010101
0011001000110011
0011001000010000
0011000111101110
0011000111001011
0011000110101001
0011000110000111
0011000101100101
0011000101000010
0011000100100000
0011000011111110
0011000011011100
0011000010111001
0011000010010111
0011000001110101
0011000001010011
0011000000110001
0011000000001110
0010111111101100
0010111111001010
0010111110101000
0010111110000110
0010111101100100
0010111101000010
0010111100100000
0010111011111110
0010111011011100
0010111010111010
0010111010011000
0010111001110110
0010111001010100
0010111000110010
0010111000010000
0010110111101110
0010110111001101
0010110110101011
0010110110001001
0010110101100111
0010110101000101
0010110100100100
0010110100000010
0010110011100000
0010110010111110
0010110010011101
0010110001111011
0010110001011001
0010110000111000
0010110000010110
0010101111110101
0010101111010011
0010101110110001
0010101110010000
0010101101101110
0010101101001101
0010101100101011
0010101100001010
0010101011101001
0010101011000111
0010101010100110
0010101010000100
0010101001100011
0010101001000010
0010101000100000
0010100111111111
0010100111011110
0010100110111101
0010100110011011
0010100101111010
0010100101011001
0010100100111000
0010100100010111
0010100011110110
0010100011010101
0010100010110100
0010100010010011
0010100001110010
0010100001010001
0010100000110000
0010100000001111
0010011111101110
0010011111001101
0010011110101100
0010011110001011
0010011101101010
0010011101001010
0010011100101001
0010011100001000
0010011011100111
0010011011000111
0010011010100110
0010011010000101
0010011001100101
0010011001000100
0010011000100100
0010011000000011
0010010111100011
0010010111000010
0010010110100010
0010010110000001
0010010101100001
0010010101000000
0010010100100000
0010010100000000
0010010011011111
0010010010111111
0010010010011111
0010010001111111
0010010001011110
0010010000111110
0010010000011110
0010001111111110
0010001111011110
0010001110111110
0010001110011110
0010001101111110
0010001101011110
0010001100111110
0010001100011110
0010001011111110
0010001011011110
0010001010111110
0010001010011111
0010001001111111
0010001001011111
0010001000111111
0010001000100000
0010001000000000
0010000111100000
0010000111000001
0010000110100001
0010000110000010
0010000101100010
0010000101000011
0010000100100011
0010000100000100
0010000011100100
0010000011000101
0010000010100110
0010000010000110
0010000001100111
0010000001001000
0010000000101001
0010000000001001
0001111111101010
0001111111001011
0001111110101100
0001111110001101
0001111101101110
0001111101001111
0001111100110000
0001111100010001
0001111011110010
0001111011010011
0001111010110100
0001111010010110
0001111001110111
0001111001011000
0001111000111001
0001111000011011
0001110111111100
0001110111011110
0001110110111111
0001110110100000
0001110110000010
0001110101100011
0001110101000101
0001110100100111
0001110100001000
0001110011101010
0001110011001100
0001110010101101
0001110010001111
0001110001110001
0001110001010011
0001110000110101
0001110000010110
0001101111111000
0001101111011010
0001101110111100
0001101110011110
0001101110000001
0001101101100011
0001101101000101
0001101100100111
0001101100001001
0001101011101011
0001101011001110
0001101010110000
0001101010010010
0001101001110101
0001101001010111
0001101000111010
