11111111111111111110011011010010
00000000000000000111001010011100
00000000000000000110101001001001
11111111111111110011010000001101
11111111111111101110100110011110
00000000000000010001000011100000
00000000000000100011101101011011
11111111111111101111101100110110
11111111111111000001100111111000
00000000000000000101001001100101
00000000000001100000001011010110
00000000000000010110110010100111
11111111111101111011000110001010
11111111111110110110000000011101
00000000000010100100101000000000
00000000000010011001011111111010
11111111111101001100100101010100
11111111111011111000111111000101
00000000000010100001110100010101
00000000000110001110110101001101
11111111111110100001110100011001
11111111110111011010000101111101
11111111111111010111000000110000
00000000001010111000100000101111
00000000000100000001110011110010
11111111110011010110001000011101
11111111110111001100110101111101
00000000001101010101001001011000
00000000001110111000100101101111
11111111110011101111111100011101
11111111101010000001011000000010
00000000001000101111000100010101
00000000011101011111111111001010
11111111111101110100111010011000
11111111011011011011100101000101
11111111111000001000000111101100
00000000101010000001100000100100
00000000010101100011101101100000
11111111010011100010010011011001
11111111011001010110011100101110
00000000101010010101010111111010
00000000111010011100011000001010
11111111011101111110100100100110
11111110110000010010101101110101
00000000010001111110001110110110
00000001100100101001100111110001
00000000000111001110101000000100
11111110001001000101101100000011
11111111010101001011101001110110
00000010000011100010001101011001
00000001011001111100110101111100
11111101111001001001101000101000
11111101101001111101001110011001
00000001111100000011101011000100
00000011100001101011101101101010
11111110100100000000110000100110
11111010111100111100110000001101
00000000011001001100011011100101
00000111001011100011011010001110
00000001101110110111110111001001
11110101000110110000001101111111
11111000110101011011110100011001
00010110100010010011001011001010
00110101101101110000110001000100
00110101101101110000110001000100
00010110100010010011001011001010
11111000110101011011110100011001
11110101000110110000001101111111
00000001101110110111110111001001
00000111001011100011011010001110
00000000011001001100011011100101
11111010111100111100110000001101
11111110100100000000110000100110
00000011100001101011101101101010
00000001111100000011101011000100
11111101101001111101001110011001
11111101111001001001101000101000
00000001011001111100110101111100
00000010000011100010001101011001
11111111010101001011101001110110
11111110001001000101101100000011
00000000000111001110101000000100
00000001100100101001100111110001
00000000010001111110001110110110
11111110110000010010101101110101
11111111011101111110100100100110
00000000111010011100011000001010
00000000101010010101010111111010
11111111011001010110011100101110
11111111010011100010010011011001
00000000010101100011101101100000
00000000101010000001100000100100
11111111111000001000000111101100
11111111011011011011100101000101
11111111111101110100111010011000
00000000011101011111111111001010
00000000001000101111000100010101
11111111101010000001011000000010
11111111110011101111111100011101
00000000001110111000100101101111
00000000001101010101001001011000
11111111110111001100110101111101
11111111110011010110001000011101
00000000000100000001110011110010
00000000001010111000100000101111
11111111111111010111000000110000
11111111110111011010000101111101
11111111111110100001110100011001
00000000000110001110110101001101
00000000000010100001110100010101
11111111111011111000111111000101
11111111111101001100100101010100
00000000000010011001011111111010
00000000000010100100101000000000
11111111111110110110000000011101
11111111111101111011000110001010
00000000000000010110110010100111
00000000000001100000001011010110
00000000000000000101001001100101
11111111111111000001100111111000
11111111111111101111101100110110
00000000000000100011101101011011
00000000000000010001000011100000
11111111111111101110100110011110
11111111111111110011010000001101
00000000000000000110101001001001
00000000000000000111001010011100
11111111111111111110011011010010
