11111111111111110111110101000010
00000000000000100100000101010010
00000000000001000000010011010010
11111111111111001101110100101111
11111111111100111010100001011101
11111111111111011010010000000010
00000000000101110110110001011010
00000000000101010000111011001101
11111111111000111110101001111111
11111111110010000011110010110100
00000000000010100010001110111001
00000000011000011011100111100001
00000000001011110100011000011011
11111111100001101000000000001110
11111111011010101100101111111100
00000000010101111010011011010101
00000001000100101001101000000111
00000000001010110111010001011110
11111110100100000001100001101001
11111110110111110001101000001101
00000001010101110111011111110010
00000010011010110010110110010001
11111111100101111111111000101111
11111100010100011011000010110001
11111110010010110111010101000010
00000100010010011001000110000011
00000101010010010101011010111101
11111100110001011001001110001111
11110100111100001111101110011110
11111101111010110010100110110011
00011000111001011111100000100101
00110001100011111011011001010110
00110001100011111011011001010110
00011000111001011111100000100101
11111101111010110010100110110011
11110100111100001111101110011110
11111100110001011001001110001111
00000101010010010101011010111101
00000100010010011001000110000011
11111110010010110111010101000010
11111100010100011011000010110001
11111111100101111111111000101111
00000010011010110010110110010001
00000001010101110111011111110010
11111110110111110001101000001101
11111110100100000001100001101001
00000000001010110111010001011110
00000001000100101001101000000111
00000000010101111010011011010101
11111111011010101100101111111100
11111111100001101000000000001110
00000000001011110100011000011011
00000000011000011011100111100001
00000000000010100010001110111001
11111111110010000011110010110100
11111111111000111110101001111111
00000000000101010000111011001101
00000000000101110110110001011010
11111111111111011010010000000010
11111111111100111010100001011101
11111111111111001101110100101111
00000000000001000000010011010010
00000000000000100100000101010010
11111111111111110111110101000010
